# axial profiles of the pair BiI3_g -> BiI3_s, bin set native (rhoFixedFlowFoam, axialProfiles.H)
# time 60.000000000027363 directory 60 reason write time
# molarMass 0.58969380999999998
# axis (1 0 0) origin (0 0 0)
# nBins 126
# inventory gas 0 wall 0 sample 0
# binned gas 0 wall 0 sample 0
# outside gas 0 wall 0 sample 0
# observable wall
# fraction 0.001
# significance 1e-13 minimumAmount 0
# Tdep fromInlet status noPeak peak 0 xPeak 0.029999999999999995 threshold 0 searchFrom 0.02
# Tdep fromPeak status noPeak peak 0 xPeak -8.6736173798840355e-19 threshold 0
# Tpeak none (no significant peak with wall temperature)
# columns x_lo x_hi x gas wall sample observable Twall wallArea sampleGas
# units m m m mol/m mol/m mol/m mol/m K m2/m mol/m
-0.0050000000000000001 0.0049999999999999984 -8.6736173798840355e-19 0 0 0 0 1124.6398688915376 0.00010478626298042891 0
0.0049999999999999984 0.014999999999999996 0.0099999999999999967 0 0 0 0 1124.6398688915374 0.00020957252596085787 0
0.014999999999999996 0.024999999999999994 0.019999999999999997 0 0 0 0 1123.1207067883565 0.00020957252596085787 0
0.024999999999999994 0.034999999999999996 0.029999999999999995 0 0 0 0 1113.8033610043362 0.00020957252596085787 0
0.034999999999999996 0.044999999999999991 0.039999999999999994 0 0 0 0 1102.1303891581679 0.00020957252596085784 0
0.044999999999999991 0.054999999999999993 0.049999999999999989 0 0 0 0 1089.7075652821554 0.00020957252596085787 0
0.054999999999999993 0.064999999999999988 0.059999999999999991 0 0 0 0 1074.115820348874 0.00020957252596085784 0
0.064999999999999988 0.074999999999999983 0.069999999999999979 0 0 0 0 1059.5332366906987 0.00020957252596085784 0
0.074999999999999983 0.084999999999999978 0.079999999999999988 0 0 0 0 1046.4189702212457 0.00020957252596085784 0
0.084999999999999978 0.094999999999999973 0.089999999999999969 0 0 0 0 1035.0183981033465 0.00020957252596085789 0
0.094999999999999973 0.10499999999999998 0.099999999999999978 0 0 0 0 1024.8526685579081 0.00020957252596085787 0
0.10499999999999998 0.11499999999999998 0.10999999999999999 0 0 0 0 1015.3206157025921 0.00020957252596085784 0
0.11499999999999998 0.12499999999999997 0.11999999999999997 0 0 0 0 1007.1895876278612 0.00020957252596085784 0
0.12499999999999997 0.13499999999999998 0.12999999999999998 0 0 0 0 999.05349004801667 0.00020957252596085787 0
0.13499999999999998 0.14499999999999999 0.13999999999999999 0 0 0 0 989.39202814659154 0.00020957252596085787 0
0.14499999999999999 0.15499999999999997 0.14999999999999997 0 0 0 0 977.7360172312649 0.00020957252596085789 0
0.15499999999999997 0.16499999999999995 0.15999999999999998 0 0 0 0 962.20475049933873 0.00020957252596085789 0
0.16499999999999995 0.17499999999999996 0.16999999999999996 0 0 0 0 945.65035308001313 0.00020957252596085787 0
0.17499999999999996 0.18499999999999997 0.17999999999999997 0 0 0 0 928.02117289928481 0.00020957252596085789 0
0.18499999999999997 0.19499999999999995 0.18999999999999995 0 0 0 0 911.13646125293326 0.00020957252596085789 0
0.19499999999999995 0.20499999999999993 0.19999999999999996 0 0 0 0 895.74310602090361 0.00020957252596085789 0
0.20499999999999993 0.21499999999999997 0.20999999999999996 0 0 0 0 882.92887989842916 0.00020957252596085787 0
0.21499999999999997 0.22499999999999998 0.21999999999999997 0 0 0 0 868.20024346407354 0.00020957252596085787 0
0.22499999999999998 0.23499999999999996 0.22999999999999998 0 0 0 0 850.92636718749975 0.00020957252596085784 0
0.23499999999999996 0.24499999999999994 0.23999999999999994 0 0 0 0 836.94603516643463 0.00020957252596085789 0
0.24499999999999994 0.25499999999999995 0.24999999999999994 0 0 0 0 820.3204320750732 0.00020957252596085787 0
0.25499999999999995 0.26499999999999996 0.25999999999999995 0 0 0 0 803.7994723478007 0.00020957252596085789 0
0.26499999999999996 0.27499999999999997 0.26999999999999996 0 0 0 0 787.19367476453112 0.00020957252596085787 0
0.27499999999999997 0.28499999999999992 0.27999999999999992 0 0 0 0 773.20413159994496 0.00020957252596085787 0
0.28499999999999992 0.29499999999999998 0.28999999999999992 0 0 0 0 754.19199947134416 0.00020957252596085784 0
0.29499999999999998 0.30499999999999994 0.29999999999999993 0 0 0 0 733.15990151733843 0.00020957252596085787 0
0.30499999999999994 0.31499999999999995 0.30999999999999994 0 0 0 0 719.51550487447059 0.00020957252596085789 0
0.31499999999999995 0.3249999999999999 0.31999999999999995 0 0 0 0 705.4300334313582 0.00020957252596085787 0
0.3249999999999999 0.33499999999999991 0.3299999999999999 0 0 0 0 687.6161999089785 0.00020957252596085789 0
0.33499999999999991 0.34499999999999997 0.33999999999999997 0 0 0 0 672.2068596131752 0.00020957252596085787 0
0.34499999999999997 0.35499999999999993 0.34999999999999998 0 0 0 0 656.68394069982355 0.00020957252596085787 0
0.35499999999999993 0.36499999999999994 0.35999999999999993 0 0 0 0 639.69807471547028 0.00020957252596085787 0
0.36499999999999994 0.37499999999999994 0.36999999999999994 0 0 0 0 623.85439753572166 0.00020957252596085789 0
0.37499999999999994 0.38499999999999995 0.37999999999999995 0 0 0 0 608.2388430717026 0.00020957252596085787 0
0.38499999999999995 0.39499999999999991 0.3899999999999999 0 0 0 0 590.61728453789635 0.00020957252596085784 0
0.39499999999999991 0.40499999999999992 0.39999999999999991 0 0 0 0 572.47939947808004 0.00020957252596085789 0
0.40499999999999992 0.41499999999999987 0.40999999999999992 0 0 0 0 555.01453183780018 0.00020957252596085787 0
0.41499999999999987 0.42499999999999993 0.41999999999999993 0 0 0 0 535.17590610472348 0.00020957252596085787 0
0.42499999999999993 0.43499999999999994 0.42999999999999994 0 0 0 0 515.43654936471057 0.00020957252596085787 0
0.43499999999999994 0.4449999999999999 0.43999999999999995 0 0 0 0 495.85680315019977 0.00020957252596085787 0
0.4449999999999999 0.45499999999999996 0.44999999999999996 0 0 0 0 475.85053695296784 0.00020957252596085787 0
0.45499999999999996 0.46499999999999991 0.45999999999999996 0 0 0 0 453.85621664769423 0.00020957252596085787 0
0.46499999999999991 0.47499999999999992 0.46999999999999992 0 0 0 0 428.87019811182444 0.00020957252596085787 0
0.47499999999999992 0.48499999999999988 0.47999999999999987 0 0 0 0 400.01148569609506 0.00020957252596085787 0
0.48499999999999988 0.49499999999999988 0.48999999999999988 0 0 0 0 361.65744714990848 0.00020957252596085787 0
0.49499999999999988 0.50499999999999989 0.49999999999999989 0 0 0 0 337.67393123731352 0.00020957252596085787 0
0.50499999999999989 0.5149999999999999 0.5099999999999999 0 0 0 0 323.34562088879602 0.00020957252596085789 0
0.5149999999999999 0.52499999999999991 0.51999999999999991 0 0 0 0 313.92292768548879 0.00020957252596085787 0
0.52499999999999991 0.53499999999999992 0.52999999999999992 0 0 0 0 308.76125381342445 0.00020957252596085787 0
0.53499999999999992 0.54499999999999982 0.53999999999999981 0 0 0 0 305.57857912421821 0.00020957252596085784 0
0.54499999999999982 0.55499999999999994 0.54999999999999982 0 0 0 0 303.10832468244269 0.00020957252596085787 0
0.55499999999999994 0.56499999999999995 0.55999999999999994 0 0 0 0 300.95307308283412 0.00020957252596085787 0
0.56499999999999995 0.57499999999999984 0.56999999999999984 0 0 0 0 299.69969337017807 0.00020957252596085784 0
0.57499999999999984 0.58499999999999996 0.57999999999999985 0 0 0 0 298.53703354663867 0.00020957252596085787 0
0.58499999999999996 0.59499999999999997 0.58999999999999997 0 0 0 0 298.01283423931858 0.00020957252596085787 0
0.59499999999999997 0.60499999999999987 0.59999999999999987 0 0 0 0 297.59112309397904 0.00020957252596085784 0
0.60499999999999987 0.61499999999999988 0.60999999999999988 0 0 0 0 296.67727189819914 0.00020957252596085787 0
0.61499999999999988 0.62499999999999989 0.61999999999999988 0 0 0 0 296.52403439509277 0.00020957252596085787 0
0.62499999999999989 0.6349999999999999 0.62999999999999989 0 0 0 0 296.03123984444846 0.00020957252596085787 0
0.6349999999999999 0.64499999999999991 0.6399999999999999 0 0 0 0 296.03438617401656 0.00020957252596085789 0
0.64499999999999991 0.6549999999999998 0.64999999999999991 0 0 0 0 296.03438617401662 0.00020957252596085789 0
0.6549999999999998 0.66499999999999992 0.65999999999999992 0 0 0 0 295.99948253972593 0.00020957252596085787 0
0.66499999999999992 0.67499999999999982 0.66999999999999993 0 0 0 0 295.50385187305903 0.00020957252596085784 0
0.67499999999999982 0.68499999999999983 0.67999999999999983 0 0 0 0 295.42697633872871 0.00020957252596085787 0
0.68499999999999983 0.69499999999999995 0.68999999999999995 0 0 0 0 295.43432656471163 0.00020957252596085787 0
0.69499999999999995 0.70499999999999985 0.69999999999999996 0 0 0 0 295.3604981459934 0.00020957252596085784 0
0.70499999999999985 0.71499999999999986 0.70999999999999985 0 0 0 0 295.13838407859754 0.00020957252596085789 0
0.71499999999999986 0.72499999999999987 0.71999999999999986 0 0 0 0 295.08087008343261 0.00020957252596085789 0
0.72499999999999987 0.73499999999999988 0.72999999999999987 0 0 0 0 295.08087008343261 0.00020957252596085787 0
0.73499999999999988 0.74499999999999988 0.73999999999999988 0 0 0 0 295.08087008343261 0.00020957252596085787 0
0.74499999999999988 0.75499999999999989 0.74999999999999989 0 0 0 0 295.08087008343261 0.00020957252596085787 0
0.75499999999999989 0.7649999999999999 0.7599999999999999 0 0 0 0 295.08087008343261 0.00020957252596085787 0
0.7649999999999999 0.77499999999999991 0.76999999999999991 0 0 0 0 295.08087008343261 0.00020957252596085787 0
0.77499999999999991 0.78499999999999981 0.7799999999999998 0 0 0 0 295.08087008343261 0.00020957252596085789 0
0.78499999999999981 0.79499999999999982 0.78999999999999981 0 0 0 0 295.08087008343261 0.00020957252596085789 0
0.79499999999999982 0.80499999999999994 0.79999999999999982 0 0 0 0 295.08087008343261 0.00020957252596085787 0
0.80499999999999994 0.81499999999999984 0.80999999999999983 0 0 0 0 295.08087008343261 0.00020957252596085784 0
0.81499999999999984 0.82499999999999984 0.81999999999999984 0 0 0 0 295.08087008343261 0.00020957252596085789 0
0.82499999999999984 0.83499999999999974 0.82999999999999985 0 0 0 0 295.08087008343261 0.00020957252596085789 0
0.83499999999999974 0.84499999999999986 0.83999999999999986 0 0 0 0 295.08087008343267 0.00020957252596085787 0
0.84499999999999986 0.85499999999999987 0.84999999999999987 0 0 0 0 295.08087008343256 0.00020957252596085787 0
0.85499999999999987 0.86499999999999977 0.85999999999999988 0 0 0 0 295.08087008343267 0.00020957252596085784 0
0.86499999999999977 0.87499999999999989 0.86999999999999988 0 0 0 0 295.08087008343267 0.00020957252596085787 0
0.87499999999999989 0.8849999999999999 0.87999999999999989 0 0 0 0 295.08087008343261 0.00020957252596085787 0
0.8849999999999999 0.8949999999999998 0.8899999999999999 0 0 0 0 295.08087008343261 0.00020957252596085789 0
0.8949999999999998 0.9049999999999998 0.8999999999999998 0 0 0 0 295.08087008343261 0.00020957252596085789 0
0.9049999999999998 0.91499999999999992 0.90999999999999992 0 0 0 0 295.08087008343267 0.00020957252596085787 0
0.91499999999999992 0.92499999999999982 0.91999999999999993 0 0 0 0 295.08087008343261 0.00020957252596085784 0
0.92499999999999982 0.93499999999999983 0.92999999999999983 0 0 0 0 295.08087008343267 0.00020957252596085787 0
0.93499999999999983 0.94499999999999984 0.93999999999999984 0 0 0 0 295.08087008343256 0.00020957252596085789 0
0.94499999999999984 0.95499999999999985 0.94999999999999984 0 0 0 0 295.08087008343261 0.00020957252596085789 0
0.95499999999999985 0.96499999999999986 0.95999999999999985 0 0 0 0 295.08087008343261 0.00020957252596085787 0
0.96499999999999986 0.97499999999999976 0.96999999999999975 0 0 0 0 295.08087008343267 0.00020957252596085784 0
0.97499999999999976 0.98499999999999988 0.97999999999999976 0 0 0 0 295.08087008343267 0.00020957252596085787 0
0.98499999999999988 0.99499999999999977 0.98999999999999977 0 0 0 0 295.08087008343267 0.00020957252596085784 0
0.99499999999999977 1.0049999999999999 0.99999999999999978 0 0 0 0 295.08087008343267 0.00020957252596085789 0
1.0049999999999999 1.0149999999999999 1.0099999999999998 0 0 0 0 295.08087008343261 0.00020957252596085789 0
1.0149999999999999 1.0249999999999999 1.02 0 0 0 0 295.08087008343261 0.00020957252596085789 0
1.0249999999999999 1.0349999999999999 1.0299999999999998 0 0 0 0 295.08087008343267 0.00020957252596085781 0
1.0349999999999999 1.0449999999999999 1.04 0 0 0 0 295.08087008343261 0.00020957252596085787 0
1.0449999999999999 1.0549999999999999 1.0499999999999998 0 0 0 0 295.08087008343261 0.00020957252596085787 0
1.0549999999999999 1.0649999999999997 1.0599999999999998 0 0 0 0 295.08087008343261 0.00020957252596085789 0
1.0649999999999997 1.075 1.0699999999999998 0 0 0 0 295.08087008343256 0.00020957252596085789 0
1.075 1.085 1.0800000000000001 0 0 0 0 295.08087008343267 0.00020957252596085787 0
1.085 1.0949999999999998 1.0899999999999999 0 0 0 0 295.08087008343261 0.00020957252596085784 0
1.0949999999999998 1.105 1.0999999999999999 0 0 0 0 295.08087008343261 0.00020957252596085789 0
1.105 1.115 1.1099999999999999 0 0 0 0 295.08087008343261 0.00020957252596085789 0
1.115 1.1249999999999998 1.1199999999999999 0 0 0 0 295.08087008343261 0.00020957252596085789 0
1.1249999999999998 1.135 1.1299999999999999 0 0 0 0 295.08087008343267 0.00020957252596085789 0
1.135 1.145 1.1400000000000001 0 0 0 0 295.08087008343261 0.00020957252596085787 0
1.145 1.1549999999999998 1.1499999999999999 0 0 0 0 295.08087008343267 0.00020957252596085784 0
1.1549999999999998 1.165 1.1599999999999999 0 0 0 0 295.08087008343256 0.00020957252596085787 0
1.165 1.175 1.1699999999999999 0 0 0 0 295.08087008343261 0.00020957252596085789 0
1.175 1.1849999999999998 1.1799999999999999 0 0 0 0 295.08087008343261 0.00020957252596085784 0
1.1849999999999998 1.1950000000000001 1.1899999999999999 0 0 0 0 295.08087008343261 0.00020957252596085787 0
1.1950000000000001 1.2049999999999998 1.2 0 0 0 0 295.08087008343261 0.00020957252596085784 0
1.2049999999999998 1.2149999999999999 1.21 0 0 0 0 295.08087008343267 0.00020957252596085787 0
1.2149999999999999 1.2249999999999999 1.2199999999999998 0 0 0 0 295.08087008343261 0.00020957252596085789 0
1.2249999999999999 1.2349999999999999 1.23 0 0 0 0 295.08087008343261 0.00020957252596085789 0
1.2349999999999999 1.2449999999999999 1.2399999999999998 0 0 0 0 295.08087008343261 0.00020957252596085789 0
1.2449999999999999 1.2549999999999999 1.25 0 0 0 0 295.08087008343261 0.00010478626298043125 0
