# axial profiles of the pair element_I -> I, bin set native (rhoFixedFlowFoam, axialProfiles.H)
# time 60.000000000027363 directory 60 reason write time
# molarMass 1
# axis (1 0 0) origin (0 0 0)
# nBins 126
# inventory gas 8.8177484832267432e-11 wall 4.7991169345624818e-09 sample 0
# binned gas 8.8177484832267432e-11 wall 4.7991169345624818e-09 sample 0
# outside gas 0 wall 0 sample 0
# observable wall
# fraction 0.001
# significance 1e-13 minimumAmount 4.887294419394749e-22
# Tdep fromInlet status found T 656.66444406683797 x 0.35001147815071865 peak 1.6232585050354225e-07 xPeak 0.36999999999999994 threshold 1.6232585050354226e-10 searchFrom 0.02
# Tdep fromPeak status found T 656.66444406683797 x 0.35001147815071865 peak 1.6232585050354225e-07 xPeak 0.36999999999999994 threshold 1.6232585050354226e-10
# Tpeak 623.85439753572166 K at x 0.36999999999999994 m; bin maximum of observable
# columns x_lo x_hi x gas wall sample observable Twall wallArea sampleGas
# units m m m mol/m mol/m mol/m mol/m K m2/m mol/m
-0.0050000000000000001 0.0049999999999999984 -8.6736173798840355e-19 6.3166325413274374e-33 0 0 0 1124.6398688915376 0.00010478626298042891 0
0.0049999999999999984 0.014999999999999996 0.0099999999999999967 3.0873092229201696e-30 0 0 0 1124.6398688915374 0.00020957252596085787 0
0.014999999999999996 0.024999999999999994 0.019999999999999997 1.1660705457021065e-27 0 0 0 1123.1207067883565 0.00020957252596085787 0
0.024999999999999994 0.034999999999999996 0.029999999999999995 4.0653602124520486e-25 0 0 0 1113.8033610043362 0.00020957252596085787 0
0.034999999999999996 0.044999999999999991 0.039999999999999994 1.3338162568397875e-22 0 0 0 1102.1303891581679 0.00020957252596085784 0
0.044999999999999991 0.054999999999999993 0.049999999999999989 4.1703767894157079e-20 0 0 0 1089.7075652821554 0.00020957252596085787 0
0.054999999999999993 0.064999999999999988 0.059999999999999991 1.2464800743750412e-17 0 0 0 1074.115820348874 0.00020957252596085784 0
0.064999999999999988 0.074999999999999983 0.069999999999999979 3.5729245244177541e-15 0 0 0 1059.5332366906987 0.00020957252596085784 0
0.074999999999999983 0.084999999999999978 0.079999999999999988 9.9119063708937622e-13 0 0 0 1046.4189702212457 0.00020957252596085784 0
0.084999999999999978 0.094999999999999973 0.089999999999999969 6.3845246939370163e-11 0 0 0 1035.0183981033465 0.00020957252596085789 3.1940103341362171e-11
0.094999999999999973 0.10499999999999998 0.099999999999999978 1.9508620768497644e-10 0 0 0 1024.8526685579081 0.00020957252596085787 9.848005520177518e-11
0.10499999999999998 0.11499999999999998 0.10999999999999999 2.5992325211790458e-10 0 0 0 1015.3206157025921 0.00020957252596085784 3.1612670417224949e-11
0.11499999999999998 0.12499999999999997 0.11999999999999997 2.6194939029989106e-10 0 0 0 1007.1895876278612 0.00020957252596085784 0
0.12499999999999997 0.13499999999999998 0.12999999999999998 2.6406516807923982e-10 0 0 0 999.05349004801667 0.00020957252596085787 0
0.13499999999999998 0.14499999999999999 0.13999999999999999 2.6663840729643815e-10 0 0 0 989.39202814659154 0.00020957252596085787 0
0.14499999999999999 0.15499999999999997 0.14999999999999997 2.6981402769403364e-10 0 0 0 977.7360172312649 0.00020957252596085789 0
0.15499999999999997 0.16499999999999995 0.15999999999999998 2.7412821199529349e-10 0 0 0 962.20475049933873 0.00020957252596085789 0
0.16499999999999995 0.17499999999999996 0.16999999999999996 2.7891506721493837e-10 0 0 0 945.65035308001313 0.00020957252596085787 0
0.17499999999999996 0.18499999999999997 0.17999999999999997 2.8419756440597412e-10 0 0 0 928.02117289928481 0.00020957252596085789 0
0.18499999999999997 0.19499999999999995 0.18999999999999995 2.8946286525973548e-10 0 0 0 911.13646125293326 0.00020957252596085789 0
0.19499999999999995 0.20499999999999993 0.19999999999999996 2.9444980041823641e-10 0 0 0 895.74310602090361 0.00020957252596085789 0
0.20499999999999993 0.21499999999999997 0.20999999999999996 2.9877162128011693e-10 0 0 0 882.92887989842916 0.00020957252596085787 0
0.21499999999999997 0.22499999999999998 0.21999999999999997 3.038180643025408e-10 0 0 0 868.20024346407354 0.00020957252596085787 0
0.22499999999999998 0.23499999999999996 0.22999999999999998 3.099093461624306e-10 0 0 0 850.92636718749975 0.00020957252596085784 0
0.23499999999999996 0.24499999999999994 0.23999999999999994 3.1513382591839258e-10 0 0 0 836.94603516643463 0.00020957252596085789 0
0.24499999999999994 0.25499999999999995 0.24999999999999994 3.2149155583208475e-10 0 0 0 820.3204320750732 0.00020957252596085787 0
0.25499999999999995 0.26499999999999996 0.25999999999999995 3.2810159990169442e-10 0 0 0 803.7994723478007 0.00020957252596085789 0
0.26499999999999996 0.27499999999999997 0.26999999999999996 3.3502519057088062e-10 0 0 0 787.19367476453112 0.00020957252596085787 0
0.27499999999999997 0.28499999999999992 0.27999999999999992 3.4113454981228624e-10 0 0 0 773.20413159994496 0.00020957252596085787 0
0.28499999999999992 0.29499999999999998 0.28999999999999992 3.4965399609792581e-10 0 0 0 754.19199947134416 0.00020957252596085784 0
0.29499999999999998 0.30499999999999994 0.29999999999999993 3.5961142470591077e-10 0 0 0 733.15990151733843 0.00020957252596085787 0
0.30499999999999994 0.31499999999999995 0.30999999999999994 3.6654746050515243e-10 0 0 0 719.51550487447059 0.00020957252596085789 0
0.31499999999999995 0.3249999999999999 0.31999999999999995 3.7384966716399755e-10 0 0 0 705.4300334313582 0.00020957252596085787 0
0.3249999999999999 0.33499999999999991 0.3299999999999999 3.8345422076549252e-10 0 0 0 687.6161999089785 0.00020957252596085789 0
0.33499999999999991 0.34499999999999997 0.33999999999999997 3.9227136501131626e-10 0 0 0 672.2068596131752 0.00020957252596085787 0
0.34499999999999997 0.35499999999999993 0.34999999999999998 3.9961749636191133e-10 0 0 0 656.68394069982355 0.00020957252596085787 0
0.35499999999999993 0.36499999999999994 0.35999999999999993 3.2270543508515897e-10 1.4142160569428594e-07 0 1.4142160569428594e-07 639.69807471547028 0.00020957252596085787 0
0.36499999999999994 0.37499999999999994 0.36999999999999994 1.7202855798822677e-10 1.6232585050354225e-07 0 1.6232585050354225e-07 623.85439753572166 0.00020957252596085789 0
0.37499999999999994 0.38499999999999995 0.37999999999999995 8.4561997334005928e-11 9.3996130836323127e-08 0 9.3996130836323127e-08 608.2388430717026 0.00020957252596085787 0
0.38499999999999995 0.39499999999999991 0.3899999999999999 3.570347650541425e-11 4.8284131072155471e-08 0 4.8284131072155471e-08 590.61728453789635 0.00020957252596085784 0
0.39499999999999991 0.40499999999999992 0.39999999999999991 1.369791859531804e-11 2.1214207653452048e-08 0 2.1214207653452048e-08 572.47939947808004 0.00020957252596085789 0
0.40499999999999992 0.41499999999999987 0.40999999999999992 5.0162337888349395e-12 8.2445032939203822e-09 0 8.2445032939203822e-09 555.01453183780018 0.00020957252596085787 0
0.41499999999999987 0.42499999999999993 0.41999999999999993 1.5880564473037478e-12 3.1378342165381291e-09 0 3.1378342165381291e-09 535.17590610472348 0.00020957252596085787 0
0.42499999999999993 0.43499999999999994 0.42999999999999994 4.4336341015453457e-13 9.4769372533648323e-10 0 9.4769372533648323e-10 515.43654936471057 0.00020957252596085787 0
0.43499999999999994 0.4449999999999999 0.43999999999999995 1.1120067074322997e-13 2.5860644322641975e-10 0 2.5860644322641975e-10 495.85680315019977 0.00020957252596085787 0
0.4449999999999999 0.45499999999999996 0.44999999999999996 2.5410252949693208e-14 6.4401154249061923e-11 0 6.4401154249061923e-11 475.85053695296784 0.00020957252596085787 0
0.45499999999999996 0.46499999999999991 0.45999999999999996 4.7308479256191346e-15 1.3918361161641681e-11 0 1.3918361161641681e-11 453.85621664769423 0.00020957252596085787 0
0.46499999999999991 0.47499999999999992 0.46999999999999992 6.5654760661664177e-16 2.4514481917609582e-12 0 2.4514481917609582e-12 428.87019811182444 0.00020957252596085787 0
0.47499999999999992 0.48499999999999988 0.47999999999999987 6.9368739253667497e-17 3.2413852031227374e-13 0 3.2413852031227374e-13 400.01148569609506 0.00020957252596085787 0
0.48499999999999988 0.49499999999999988 0.48999999999999988 6.0211847583195106e-18 3.2268798058603315e-14 0 3.2268798058603315e-14 361.65744714990848 0.00020957252596085787 0
0.49499999999999988 0.50499999999999989 0.49999999999999989 4.6207327727706116e-19 2.4621775025484666e-15 0 2.4621775025484666e-15 337.67393123731352 0.00020957252596085787 0
0.50499999999999989 0.5149999999999999 0.5099999999999999 3.2326900702366605e-20 1.723381076514254e-16 0 1.723381076514254e-16 323.34562088879602 0.00020957252596085789 0
0.5149999999999999 0.52499999999999991 0.51999999999999991 2.1224031291775769e-21 1.1277999399720936e-17 0 1.1277999399720936e-17 313.92292768548879 0.00020957252596085787 0
0.52499999999999991 0.53499999999999992 0.52999999999999992 1.3646956555427907e-22 7.0617859540105963e-19 0 7.0617859540105963e-19 308.76125381342445 0.00020957252596085787 0
0.53499999999999992 0.54499999999999982 0.53999999999999981 1.0845067505410328e-23 4.3583464993797106e-20 0 4.3583464993797106e-20 305.57857912421821 0.00020957252596085784 0
0.54499999999999982 0.55499999999999994 0.54999999999999982 2.5109228311339426e-24 2.9346557825230886e-21 0 2.9346557825230886e-21 303.10832468244269 0.00020957252596085787 0
0.55499999999999994 0.56499999999999995 0.55999999999999994 1.668069283780514e-24 3.637712818737299e-22 0 3.637712818737299e-22 300.95307308283412 0.00020957252596085787 0
0.56499999999999995 0.57499999999999984 0.56999999999999984 1.50270305996992e-24 1.08792091396611e-22 0 1.08792091396611e-22 299.69969337017807 0.00020957252596085784 0
0.57499999999999984 0.58499999999999996 0.57999999999999985 1.4111571967369731e-24 5.807884982564277e-23 0 5.807884982564277e-23 298.53703354663867 0.00020957252596085787 0
0.58499999999999996 0.59499999999999997 0.58999999999999997 1.3888474703491455e-24 1.9380894125113225e-23 0 1.9380894125113225e-23 298.01283423931858 0.00020957252596085787 0
0.59499999999999997 0.60499999999999987 0.59999999999999987 1.3584499651891278e-24 2.5330686395623133e-23 0 2.5330686395623133e-23 297.59112309397904 0.00020957252596085784 0
0.60499999999999987 0.61499999999999988 0.60999999999999988 1.3315801743478713e-24 2.988076504689549e-23 0 2.988076504689549e-23 296.67727189819914 0.00020957252596085787 0
0.61499999999999988 0.62499999999999989 0.61999999999999988 1.3093704928857672e-24 1.0045119701946252e-23 0 1.0045119701946252e-23 296.52403439509277 0.00020957252596085787 0
0.62499999999999989 0.6349999999999999 0.62999999999999989 1.2977733632187343e-24 3.4472058073801254e-24 0 3.4472058073801254e-24 296.03123984444846 0.00020957252596085787 0
0.6349999999999999 0.64499999999999991 0.6399999999999999 1.2929139455623565e-24 2.2370665069330225e-26 0 2.2370665069330225e-26 296.03438617401656 0.00020957252596085789 0
0.64499999999999991 0.6549999999999998 0.64999999999999991 1.2869502204000421e-24 0 0 0 296.03438617401662 0.00020957252596085789 0
0.6549999999999998 0.66499999999999992 0.65999999999999992 1.2772312509235692e-24 1.3342395886722982e-24 0 1.3342395886722982e-24 295.99948253972593 0.00020957252596085787 0
0.66499999999999992 0.67499999999999982 0.66999999999999993 1.2512559346789905e-24 1.2205276269152938e-23 0 1.2205276269152938e-23 295.50385187305903 0.00020957252596085784 0
0.67499999999999982 0.68499999999999983 0.67999999999999983 1.2259587457429158e-24 7.5242859790189778e-24 0 7.5242859790189778e-24 295.42697633872871 0.00020957252596085787 0
0.68499999999999983 0.69499999999999995 0.68999999999999995 1.2147933917394943e-24 1.1294277419307742e-24 0 1.1294277419307742e-24 295.43432656471163 0.00020957252596085787 0
0.69499999999999995 0.70499999999999985 0.69999999999999996 1.2029596115410476e-24 7.4606571029869688e-25 0 7.4606571029869688e-25 295.3604981459934 0.00020957252596085784 0
0.70499999999999985 0.71499999999999986 0.70999999999999985 1.1935337858336568e-24 2.10493553167268e-25 0 2.10493553167268e-25 295.13838407859754 0.00020957252596085789 0
0.71499999999999986 0.72499999999999987 0.71999999999999986 1.1850744847810232e-24 3.0809878444855563e-26 0 3.0809878444855563e-26 295.08087008343261 0.00020957252596085789 0
0.72499999999999987 0.73499999999999988 0.72999999999999987 1.1785799126933703e-24 1.6691617757230005e-27 0 1.6691617757230005e-27 295.08087008343261 0.00020957252596085787 0
0.73499999999999988 0.74499999999999988 0.73999999999999988 1.1746140591586762e-24 7.3632044929733602e-29 0 7.3632044929733602e-29 295.08087008343261 0.00020957252596085787 0
0.74499999999999988 0.75499999999999989 0.74999999999999989 1.1730961988274962e-24 0 0 0 295.08087008343261 0.00020957252596085787 0
0.75499999999999989 0.7649999999999999 0.7599999999999999 1.173493099150359e-24 0 0 0 295.08087008343261 0.00020957252596085787 0
0.7649999999999999 0.77499999999999991 0.76999999999999991 1.1749705554621105e-24 0 0 0 295.08087008343261 0.00020957252596085787 0
0.77499999999999991 0.78499999999999981 0.7799999999999998 1.1766075741984414e-24 0 0 0 295.08087008343261 0.00020957252596085789 0
0.78499999999999981 0.79499999999999982 0.78999999999999981 1.1776107341887514e-24 0 0 0 295.08087008343261 0.00020957252596085789 0
0.79499999999999982 0.80499999999999994 0.79999999999999982 1.177474071556526e-24 0 0 0 295.08087008343261 0.00020957252596085787 0
0.80499999999999994 0.81499999999999984 0.80999999999999983 1.1760521274535588e-24 0 0 0 295.08087008343261 0.00020957252596085784 0
0.81499999999999984 0.82499999999999984 0.81999999999999984 1.1735412791009613e-24 0 0 0 295.08087008343261 0.00020957252596085789 0
0.82499999999999984 0.83499999999999974 0.82999999999999985 1.1703827883304447e-24 0 0 0 295.08087008343261 0.00020957252596085789 0
0.83499999999999974 0.84499999999999986 0.83999999999999986 1.1671354307242376e-24 0 0 0 295.08087008343267 0.00020957252596085787 0
0.84499999999999986 0.85499999999999987 0.84999999999999987 1.1644325265205953e-24 0 0 0 295.08087008343256 0.00020957252596085787 0
0.85499999999999987 0.86499999999999977 0.85999999999999988 1.1627091586392637e-24 0 0 0 295.08087008343267 0.00020957252596085784 0
0.86499999999999977 0.87499999999999989 0.86999999999999988 1.1622894221335889e-24 0 0 0 295.08087008343267 0.00020957252596085787 0
0.87499999999999989 0.8849999999999999 0.87999999999999989 1.1633617291379567e-24 0 0 0 295.08087008343261 0.00020957252596085787 0
0.8849999999999999 0.8949999999999998 0.8899999999999999 1.1660174721376979e-24 0 0 0 295.08087008343261 0.00020957252596085789 0
0.8949999999999998 0.9049999999999998 0.8999999999999998 1.1703009946721945e-24 0 0 0 295.08087008343261 0.00020957252596085789 0
0.9049999999999998 0.91499999999999992 0.90999999999999992 1.1762501294876007e-24 0 0 0 295.08087008343267 0.00020957252596085787 0
0.91499999999999992 0.92499999999999982 0.91999999999999993 1.1839132639841102e-24 0 0 0 295.08087008343261 0.00020957252596085784 0
0.92499999999999982 0.93499999999999983 0.92999999999999983 1.1933386682773141e-24 0 0 0 295.08087008343267 0.00020957252596085787 0
0.93499999999999983 0.94499999999999984 0.93999999999999984 1.2045413986340994e-24 0 0 0 295.08087008343256 0.00020957252596085789 0
0.94499999999999984 0.95499999999999985 0.94999999999999984 1.2174597999428227e-24 0 0 0 295.08087008343261 0.00020957252596085789 0
0.95499999999999985 0.96499999999999986 0.95999999999999985 1.2319160542234934e-24 0 0 0 295.08087008343261 0.00020957252596085787 0
0.96499999999999986 0.97499999999999976 0.96999999999999975 1.2475933521153179e-24 0 0 0 295.08087008343267 0.00020957252596085784 0
0.97499999999999976 0.98499999999999988 0.97999999999999976 1.26403724984729e-24 0 0 0 295.08087008343267 0.00020957252596085787 0
0.98499999999999988 0.99499999999999977 0.98999999999999977 1.2806823936813802e-24 0 0 0 295.08087008343267 0.00020957252596085784 0
0.99499999999999977 1.0049999999999999 0.99999999999999978 1.2968998659908121e-24 0 0 0 295.08087008343267 0.00020957252596085789 0
1.0049999999999999 1.0149999999999999 1.0099999999999998 1.3120563124881338e-24 0 0 0 295.08087008343261 0.00020957252596085789 0
1.0149999999999999 1.0249999999999999 1.02 1.3255744249136272e-24 0 0 0 295.08087008343261 0.00020957252596085789 0
1.0249999999999999 1.0349999999999999 1.0299999999999998 1.3369852188231681e-24 0 0 0 295.08087008343267 0.00020957252596085781 0
1.0349999999999999 1.0449999999999999 1.04 1.3459895792594191e-24 0 0 0 295.08087008343261 0.00020957252596085787 0
1.0449999999999999 1.0549999999999999 1.0499999999999998 1.3523896424793707e-24 0 0 0 295.08087008343261 0.00020957252596085787 0
1.0549999999999999 1.0649999999999997 1.0599999999999998 1.3561414647230136e-24 0 0 0 295.08087008343261 0.00020957252596085789 0
1.0649999999999997 1.075 1.0699999999999998 1.3574746030887957e-24 0 0 0 295.08087008343256 0.00020957252596085789 0
1.075 1.085 1.0800000000000001 1.3566732581635757e-24 0 0 0 295.08087008343267 0.00020957252596085787 0
1.085 1.0949999999999998 1.0899999999999999 1.3541122606497417e-24 0 0 0 295.08087008343261 0.00020957252596085784 0
1.0949999999999998 1.105 1.0999999999999999 1.3502229952572501e-24 0 0 0 295.08087008343261 0.00020957252596085789 0
1.105 1.115 1.1099999999999999 1.3454602860092396e-24 0 0 0 295.08087008343261 0.00020957252596085789 0
1.115 1.1249999999999998 1.1199999999999999 1.3402719938251968e-24 0 0 0 295.08087008343261 0.00020957252596085789 0
1.1249999999999998 1.135 1.1299999999999999 1.3350722056300374e-24 0 0 0 295.08087008343267 0.00020957252596085789 0
1.135 1.145 1.1400000000000001 1.330218436562017e-24 0 0 0 295.08087008343261 0.00020957252596085787 0
1.145 1.1549999999999998 1.1499999999999999 1.3259931920262575e-24 0 0 0 295.08087008343267 0.00020957252596085784 0
1.1549999999999998 1.165 1.1599999999999999 1.3225903928149685e-24 0 0 0 295.08087008343256 0.00020957252596085787 0
1.165 1.175 1.1699999999999999 1.3201073534906922e-24 0 0 0 295.08087008343261 0.00020957252596085789 0
1.175 1.1849999999999998 1.1799999999999999 1.3185430422704399e-24 0 0 0 295.08087008343261 0.00020957252596085784 0
1.1849999999999998 1.1950000000000001 1.1899999999999999 1.3178031331987966e-24 0 0 0 295.08087008343261 0.00020957252596085787 0
1.1950000000000001 1.2049999999999998 1.2 1.3177118771130894e-24 0 0 0 295.08087008343261 0.00020957252596085784 0
1.2049999999999998 1.2149999999999999 1.21 1.3180301449938232e-24 0 0 0 295.08087008343267 0.00020957252596085787 0
1.2149999999999999 1.2249999999999999 1.2199999999999998 1.3184783105309681e-24 0 0 0 295.08087008343261 0.00020957252596085789 0
1.2249999999999999 1.2349999999999999 1.23 1.3187629757017974e-24 0 0 0 295.08087008343261 0.00020957252596085789 0
1.2349999999999999 1.2449999999999999 1.2399999999999998 1.3186256454739953e-24 0 0 0 295.08087008343261 0.00020957252596085789 0
1.2449999999999999 1.2549999999999999 1.25 6.5912938396366385e-25 0 0 0 295.08087008343261 0.00010478626298043125 0
