# axial profiles of the pair BiI3_g -> BiI3_s, bin set native (rhoFixedFlowFoam, axialProfiles.H)
# time 60.000000000027363 directory 60 reason write time
# molarMass 0.58969380999999998
# axis (1 0 0) origin (0 0 0)
# nBins 126
# inventory gas 1.1002392658499564e-13 wall 3.1626516370754348e-11 sample 0
# binned gas 1.1002392658499566e-13 wall 3.1626516370754354e-11 sample 0
# outside gas 0 wall 0 sample 0
# observable wall
# fraction 0.001
# significance 1e-13 minimumAmount 3.1736540297339344e-24
# Tdep fromInlet status found T 462.86103555656859 x 0.5600099999999999 peak 2.1189755453291815e-09 xPeak 0.56999999999999984 threshold 2.1189755453291815e-12 searchFrom 0.02
# Tdep fromPeak status found T 462.86103555656859 x 0.5600099999999999 peak 2.1189755453291815e-09 xPeak 0.56999999999999984 threshold 2.1189755453291815e-12
# Tpeak 440.01948296053388 K at x 0.56999999999999984 m; bin maximum of observable
# columns x_lo x_hi x gas wall sample observable Twall wallArea sampleGas
# units m m m mol/m mol/m mol/m mol/m K m2/m mol/m
-0.0050000000000000001 0.0049999999999999984 -8.6736173798840355e-19 6.3547163188788811e-120 0 0 0 1154.3029933481153 0.00010478626298042891 0
0.0049999999999999984 0.014999999999999996 0.0099999999999999967 2.4260191487526229e-109 0 0 0 1154.3029933481153 0.00020957252596085787 0
0.014999999999999996 0.024999999999999994 0.019999999999999997 2.3191732300429724e-96 0 0 0 1136.7073318722453 0.00020957252596085789 0
0.024999999999999994 0.034999999999999996 0.029999999999999995 7.2092574293841082e-84 0 0 0 1106.3707933001788 0.00020957252596085787 0
0.034999999999999996 0.044999999999999991 0.039999999999999994 3.9649537021601975e-73 0 0 0 1083.6969031406593 0.00020957252596085784 0
0.044999999999999991 0.054999999999999993 0.049999999999999989 2.5916748741245052e-61 0 0 0 1077.8460276460405 0.00020957252596085784 0
0.054999999999999993 0.064999999999999988 0.059999999999999991 2.2434129687908284e-51 0 0 0 1087.4026358280507 0.00020957252596085784 0
0.064999999999999988 0.074999999999999983 0.069999999999999979 1.0333056640792234e-39 0 0 0 1100.1919020724692 0.00020957252596085784 0
0.074999999999999983 0.084999999999999978 0.079999999999999988 2.2081256667364402e-28 0 0 0 1113.1765669812471 0.00020957252596085784 0
0.084999999999999978 0.094999999999999973 0.089999999999999969 4.2793626661715674e-23 0 0 0 1123.4121009213136 0.00020957252596085784 0
0.094999999999999973 0.10499999999999998 0.099999999999999978 3.5724926726872165e-22 0 0 0 1129.0231455444089 0.00020957252596085789 0
0.10499999999999998 0.11499999999999998 0.10999999999999999 4.9122960630683684e-22 0 0 0 1128.8431213226866 0.00020957252596085784 0
0.11499999999999998 0.12499999999999997 0.11999999999999997 4.8696020329036476e-22 0 0 0 1126.1306696464599 0.00020957252596085784 0
0.12499999999999997 0.13499999999999998 0.12999999999999998 4.7321099679884868e-22 0 0 0 1118.705382251422 0.00020957252596085787 0
0.13499999999999998 0.14499999999999999 0.13999999999999999 4.4886932916232052e-22 0 0 0 1108.5278517312706 0.00020957252596085787 0
0.14499999999999999 0.15499999999999997 0.14999999999999997 4.105847440174424e-22 0 0 0 1095.038736126402 0.00020957252596085784 0
0.15499999999999997 0.16499999999999995 0.15999999999999998 3.6276043357009096e-22 0 0 0 1079.6834021034078 0.00020957252596085789 0
0.16499999999999995 0.17499999999999996 0.16999999999999996 3.1397519213707602e-22 0 0 0 1063.8587720556234 0.00020957252596085787 0
0.17499999999999996 0.18499999999999997 0.17999999999999997 2.7515120015674109e-22 0 0 0 1050.3471952189859 0.00020957252596085787 0
0.18499999999999997 0.19499999999999995 0.18999999999999995 2.428855102624607e-22 0 0 0 1037.6320181134281 0.00020957252596085784 0
0.19499999999999995 0.20499999999999993 0.19999999999999996 2.1989706354394176e-22 0 0 0 1027.4712114747965 0.00020957252596085784 0
0.20499999999999993 0.21499999999999997 0.20999999999999996 2.0026489749559769e-22 0 0 0 1017.5871454321508 0.00020957252596085787 0
0.21499999999999997 0.22499999999999998 0.21999999999999997 1.840762653165486e-22 0 0 0 1008.1873472261839 0.00020957252596085787 0
0.22499999999999998 0.23499999999999996 0.22999999999999998 1.6973771291853304e-22 0 0 0 998.48635135115615 0.00020957252596085784 0
0.23499999999999996 0.24499999999999994 0.23999999999999994 1.5769208552095714e-22 0 0 0 989.05540733898238 0.00020957252596085789 0
0.24499999999999994 0.25499999999999995 0.24999999999999994 1.4630084184126767e-22 0 0 0 978.55989526348685 0.00020957252596085789 0
0.25499999999999995 0.26499999999999996 0.25999999999999995 1.3441415226606714e-22 0 0 0 964.98294017053445 0.00020957252596085787 0
0.26499999999999996 0.27499999999999997 0.26999999999999996 1.2374881330215375e-22 0 0 0 948.89318089947722 0.00020957252596085787 0
0.27499999999999997 0.28499999999999992 0.27999999999999992 1.1596328434941191e-22 0 0 0 932.55974792991196 0.00020957252596085787 0
0.28499999999999992 0.29499999999999998 0.28999999999999992 1.1244197243495381e-22 0 0 0 915.57143692968452 0.00020957252596085787 0
0.29499999999999998 0.30499999999999994 0.29999999999999993 1.1360684423644601e-22 0 0 0 899.07126746536767 0.00020957252596085787 0
0.30499999999999994 0.31499999999999995 0.30999999999999994 1.2295371206388237e-22 0 0 0 883.93117170367498 0.00020957252596085787 0
0.31499999999999995 0.3249999999999999 0.31999999999999995 1.8480872856231203e-22 0 0 0 867.48700991609314 0.00020957252596085787 0
0.3249999999999999 0.33499999999999991 0.3299999999999999 3.0599121681261588e-22 0 0 0 852.66036950047169 0.00020957252596085787 0
0.33499999999999991 0.34499999999999997 0.33999999999999997 5.0819587001304966e-22 0 0 0 838.20745982385222 0.00020957252596085787 0
0.34499999999999997 0.35499999999999993 0.34999999999999998 9.3335847851711633e-22 0 0 0 821.13235638499509 0.00020957252596085787 0
0.35499999999999993 0.36499999999999994 0.35999999999999993 1.6604043651250367e-21 0 0 0 806.06130151197215 0.00020957252596085789 0
0.36499999999999994 0.37499999999999994 0.36999999999999994 3.1753911574860824e-21 0 0 0 789.85367281883305 0.00020957252596085789 0
0.37499999999999994 0.38499999999999995 0.37999999999999995 6.1965016758881357e-21 0 0 0 773.87292495550309 0.00020957252596085787 0
0.38499999999999995 0.39499999999999991 0.3899999999999999 6.6503544495308913e-18 0 0 0 757.1167120860888 0.00020957252596085784 0
0.39499999999999991 0.40499999999999992 0.39999999999999991 1.6982068452591452e-18 0 0 0 741.26019651439037 0.00020957252596085787 0
0.40499999999999992 0.41499999999999987 0.40999999999999992 5.3416427380374256e-20 0 0 0 725.38749858971596 0.00020957252596085787 0
0.41499999999999987 0.42499999999999993 0.41999999999999993 6.8777241298472267e-18 0 0 0 709.03527492536796 0.00020957252596085787 0
0.42499999999999993 0.43499999999999994 0.42999999999999994 1.579737207294545e-18 0 0 0 693.10514492340894 0.00020957252596085787 0
0.43499999999999994 0.4449999999999999 0.43999999999999995 7.8406943427615864e-19 0 0 0 677.17011501504442 0.00020957252596085787 0
0.4449999999999999 0.45499999999999996 0.44999999999999996 4.3765349569700385e-18 0 0 0 661.17635001636734 0.00020957252596085787 0
0.45499999999999996 0.46499999999999991 0.45999999999999996 7.2648444626421289e-18 0 0 0 645.32783677294685 0.00020957252596085787 0
0.46499999999999991 0.47499999999999992 0.46999999999999992 1.3376443006093127e-17 0 0 0 629.65891965043409 0.00020957252596085787 0
0.47499999999999992 0.48499999999999988 0.47999999999999987 4.735031391262746e-17 0 0 0 613.86165470295259 0.00020957252596085787 0
0.48499999999999988 0.49499999999999988 0.48999999999999988 1.4248804954683454e-16 0 0 0 596.98047039968833 0.00020957252596085787 0
0.49499999999999988 0.50499999999999989 0.49999999999999989 6.0901256885741736e-16 0 0 0 579.86918129809953 0.00020957252596085787 0
0.50499999999999989 0.5149999999999999 0.5099999999999999 3.1168474274692331e-15 0 0 0 561.22350948063979 0.00020957252596085787 0
0.5149999999999999 0.52499999999999991 0.51999999999999991 1.2139623927035649e-14 0 0 0 542.37588672043705 0.00020957252596085787 0
0.52499999999999991 0.53499999999999992 0.52999999999999992 6.7265178135783217e-14 0 0 0 524.47588254988091 0.00020957252596085789 0
0.53499999999999992 0.54499999999999982 0.53999999999999981 4.6388898672525759e-13 0 0 0 504.60355410901064 0.00020957252596085789 0
0.54499999999999982 0.55499999999999994 0.54999999999999982 2.1974154469241785e-12 0 0 0 483.29888410093213 0.00020957252596085787 0
0.55499999999999994 0.56499999999999995 0.55999999999999994 4.7822581258604431e-12 0 0 0 462.88389997358166 0.00020957252596085787 0
0.56499999999999995 0.57499999999999984 0.56999999999999984 3.0345783366180377e-12 2.1189755453291815e-09 0 2.1189755453291815e-09 440.01948296053388 0.00020957252596085784 0
0.57499999999999984 0.58499999999999996 0.57999999999999985 4.0966865722560111e-13 9.4120192933933946e-10 0 9.4120192933933946e-10 411.92624116487224 0.00020957252596085787 0
0.58499999999999996 0.59499999999999997 0.58999999999999997 3.006552828810758e-14 9.8241493983857374e-11 0 9.8241493983857374e-11 381.33085265090233 0.00020957252596085787 0
0.59499999999999997 0.60499999999999987 0.59999999999999987 1.0969304543241458e-15 4.0901874079126301e-12 0 4.0901874079126301e-12 352.00287741712896 0.00020957252596085784 0
0.60499999999999987 0.61499999999999988 0.60999999999999988 4.5802205687549099e-17 1.3414026645074304e-13 0 1.3414026645074304e-13 331.23363626080584 0.00020957252596085789 0
0.61499999999999988 0.62499999999999989 0.61999999999999988 4.9811180617651312e-18 6.6378941776252403e-15 0 6.6378941776252403e-15 319.31989116070781 0.00020957252596085787 0
0.62499999999999989 0.6349999999999999 0.62999999999999989 1.1654677672809197e-18 1.2656923315927802e-15 0 1.2656923315927802e-15 310.5887388273963 0.00020957252596085787 0
0.6349999999999999 0.64499999999999991 0.6399999999999999 4.9089815256249368e-19 2.5768437365243016e-16 0 2.5768437365243016e-16 305.98055149289411 0.00020957252596085789 0
0.64499999999999991 0.6549999999999998 0.64999999999999991 3.0371855772147999e-19 7.7272242054759866e-17 0 7.7272242054759866e-17 303.32521226687732 0.00020957252596085784 0
0.6549999999999998 0.66499999999999992 0.65999999999999992 1.9424310347938581e-19 4.2850237671532765e-17 0 4.2850237671532765e-17 300.89631281337523 0.00020957252596085787 0
0.66499999999999992 0.67499999999999982 0.66999999999999993 1.4724002204240473e-19 2.4252889752494216e-17 0 2.4252889752494216e-17 299.50927676053743 0.00020957252596085784 0
0.67499999999999982 0.68499999999999983 0.67999999999999983 1.2876981765110763e-19 9.6844008150102289e-18 0 9.6844008150102289e-18 298.64835046632766 0.00020957252596085787 0
0.68499999999999983 0.69499999999999995 0.68999999999999995 1.0752695121083342e-19 1.2020205357894743e-17 0 1.2020205357894743e-17 297.59676044835737 0.00020957252596085787 0
0.69499999999999995 0.70499999999999985 0.69999999999999996 9.244903227620959e-20 7.0613935130668393e-18 0 7.0613935130668393e-18 296.79961026964531 0.00020957252596085784 0
0.70499999999999985 0.71499999999999986 0.70999999999999985 8.3720135381983303e-20 1.673993832159711e-18 0 1.673993832159711e-18 296.33376064948828 0.00020957252596085789 0
0.71499999999999986 0.72499999999999987 0.71999999999999986 8.1965974949069078e-20 1.6574480426067493e-19 0 1.6574480426067493e-19 296.16798540846378 0.00020957252596085789 0
0.72499999999999987 0.73499999999999988 0.72999999999999987 7.4847650844510475e-20 4.4967132784973739e-18 0 4.4967132784973739e-18 295.82788846866288 0.00020957252596085787 0
0.73499999999999988 0.74499999999999988 0.73999999999999988 7.4016536106248311e-20 0 0 0 296.20986696230597 0.00020957252596085787 0
0.74499999999999988 0.75499999999999989 0.74999999999999989 7.4015871844961646e-20 0 0 0 296.20986696230597 0.00020957252596085787 0
0.75499999999999989 0.7649999999999999 0.7599999999999999 7.4015863204840706e-20 0 0 0 296.20986696230597 0.00020957252596085787 0
0.7649999999999999 0.77499999999999991 0.76999999999999991 7.4015855032829522e-20 0 0 0 296.20986696230597 0.00020957252596085787 0
0.77499999999999991 0.78499999999999981 0.7799999999999998 7.4015846755577292e-20 0 0 0 296.20986696230591 0.00020957252596085789 0
0.78499999999999981 0.79499999999999982 0.78999999999999981 7.4015838536923563e-20 0 0 0 296.20986696230597 0.00020957252596085787 0
0.79499999999999982 0.80499999999999994 0.79999999999999982 7.4015830343191645e-20 0 0 0 296.20986696230597 0.00020957252596085787 0
0.80499999999999994 0.81499999999999984 0.80999999999999983 7.4015822041064646e-20 0 0 0 296.20986696230597 0.00020957252596085784 0
0.81499999999999984 0.82499999999999984 0.81999999999999984 7.4015813869013727e-20 0 0 0 296.20986696230591 0.00020957252596085789 0
0.82499999999999984 0.83499999999999974 0.82999999999999985 7.4015805607088794e-20 0 0 0 296.20986696230597 0.00020957252596085784 0
0.83499999999999974 0.84499999999999986 0.83999999999999986 7.401579737314778e-20 0 0 0 296.20986696230602 0.00020957252596085787 0
0.84499999999999986 0.85499999999999987 0.84999999999999987 7.401578919501983e-20 0 0 0 296.20986696230591 0.00020957252596085789 0
0.85499999999999987 0.86499999999999977 0.85999999999999988 7.4015780877344076e-20 0 0 0 296.20986696230597 0.00020957252596085784 0
0.86499999999999977 0.87499999999999989 0.86999999999999988 7.4015772705470331e-20 0 0 0 296.20986696230597 0.00020957252596085787 0
0.87499999999999989 0.8849999999999999 0.87999999999999989 7.401576445915636e-20 0 0 0 296.20986696230597 0.00020957252596085787 0
0.8849999999999999 0.8949999999999998 0.8899999999999999 7.4015756209703328e-20 0 0 0 296.20986696230597 0.00020957252596085784 0
0.8949999999999998 0.9049999999999998 0.8999999999999998 7.4015748037826068e-20 0 0 0 296.20986696230597 0.00020957252596085787 0
0.9049999999999998 0.91499999999999992 0.90999999999999992 7.4015739723304458e-20 0 0 0 296.20986696230597 0.00020957252596085789 0
0.91499999999999992 0.92499999999999982 0.91999999999999993 7.4015731542084957e-20 0 0 0 296.20986696230602 0.00020957252596085784 0
0.92499999999999982 0.93499999999999983 0.92999999999999983 7.4015723311241259e-20 0 0 0 296.20986696230597 0.00020957252596085787 0
0.93499999999999983 0.94499999999999984 0.93999999999999984 7.4015715046269698e-20 0 0 0 296.20986696230597 0.00020957252596085787 0
0.94499999999999984 0.95499999999999985 0.94999999999999984 7.4015706874293204e-20 0 0 0 296.20986696230597 0.00020957252596085787 0
0.95499999999999985 0.96499999999999986 0.95999999999999985 7.4015698575199328e-20 0 0 0 296.20986696230591 0.00020957252596085789 0
0.96499999999999986 0.97499999999999976 0.96999999999999975 7.401569037841664e-20 0 0 0 296.20986696230591 0.00020957252596085789 0
0.97499999999999976 0.98499999999999988 0.97999999999999976 7.4015682162984294e-20 0 0 0 296.20986696230602 0.00020957252596085787 0
0.98499999999999988 0.99499999999999977 0.98999999999999977 7.4015673882329102e-20 0 0 0 296.20986696230597 0.00020957252596085784 0
0.99499999999999977 1.0049999999999999 0.99999999999999978 7.401566571014633e-20 0 0 0 296.20986696230597 0.00020957252596085789 0
1.0049999999999999 1.0149999999999999 1.0099999999999998 7.4015657426303917e-20 0 0 0 296.20986696230597 0.00020957252596085787 0
1.0149999999999999 1.0249999999999999 1.02 7.4015649213829053e-20 0 0 0 296.20986696230597 0.00020957252596085787 0
1.0249999999999999 1.0349999999999999 1.0299999999999998 7.4015641013767866e-20 0 0 0 296.20986696230591 0.00020957252596085789 0
1.0349999999999999 1.0449999999999999 1.04 7.401563271757432e-20 0 0 0 296.20986696230597 0.00020957252596085787 0
1.0449999999999999 1.0549999999999999 1.0499999999999998 7.4015624545370784e-20 0 0 0 296.20986696230597 0.00020957252596085787 0
1.0549999999999999 1.0649999999999997 1.0599999999999998 7.4015616277074152e-20 0 0 0 296.20986696230591 0.00020957252596085789 0
1.0649999999999997 1.075 1.0699999999999998 7.4015608049075306e-20 0 0 0 296.20986696230591 0.00020957252596085789 0
1.075 1.085 1.0800000000000001 7.4015599864462918e-20 0 0 0 296.20986696230597 0.00020957252596085787 0
1.085 1.0949999999999998 1.0899999999999999 7.4015591552701455e-20 0 0 0 296.20986696230602 0.00020957252596085784 0
1.0949999999999998 1.105 1.0999999999999999 7.4015583380512868e-20 0 0 0 296.20986696230597 0.00020957252596085787 0
1.105 1.115 1.1099999999999999 7.4015575127701123e-20 0 0 0 296.20986696230597 0.00020957252596085787 0
1.115 1.1249999999999998 1.1199999999999999 7.4015566884159347e-20 0 0 0 296.20986696230597 0.00020957252596085784 0
1.1249999999999998 1.135 1.1299999999999999 7.4015558711965188e-20 0 0 0 296.20986696230597 0.00020957252596085787 0
1.135 1.145 1.1400000000000001 7.401555039088587e-20 0 0 0 296.20986696230591 0.00020957252596085789 0
1.145 1.1549999999999998 1.1499999999999999 7.4015542215559258e-20 0 0 0 296.20986696230597 0.00020957252596085789 0
1.1549999999999998 1.165 1.1599999999999999 7.4015533978174115e-20 0 0 0 296.20986696230597 0.00020957252596085787 0
1.165 1.175 1.1699999999999999 7.4015525719038085e-20 0 0 0 296.20986696230597 0.00020957252596085787 0
1.175 1.1849999999999998 1.1799999999999999 7.4015517546700889e-20 0 0 0 296.20986696230597 0.00020957252596085789 0
1.1849999999999998 1.1950000000000001 1.1899999999999999 7.4015509240963337e-20 0 0 0 296.20986696230597 0.00020957252596085787 0
1.1950000000000001 1.2049999999999998 1.2 7.4015501049991866e-20 0 0 0 296.20986696230602 0.00020957252596085784 0
1.2049999999999998 1.2149999999999999 1.21 7.4015492828006784e-20 0 0 0 296.20986696230591 0.00020957252596085789 0
1.2149999999999999 1.2249999999999999 1.2199999999999998 7.4015484553280507e-20 0 0 0 296.20986696230597 0.00020957252596085787 0
1.2249999999999999 1.2349999999999999 1.23 7.4015476380921693e-20 0 0 0 296.20986696230597 0.00020957252596085787 0
1.2349999999999999 1.2449999999999999 1.2399999999999998 7.4015468090682965e-20 0 0 0 296.20986696230591 0.00020957252596085789 0
1.2449999999999999 1.2549999999999999 1.25 3.7007731012082709e-20 0 0 0 296.20986696230591 0.00010478626298043125 0
