# axial profiles of the pair element_I -> I, bin set native (rhoFixedFlowFoam, axialProfiles.H)
# time 60.000000000027363 directory 60 reason write time
# molarMass 1
# axis (1 0 0) origin (0 0 0)
# nBins 126
# inventory gas 7.8790549542103882e-12 wall 1.0032845490038752e-10 sample 0
# binned gas 7.8790549542103882e-12 wall 1.0032845490038751e-10 sample 0
# outside gas 0 wall 0 sample 0
# observable wall
# fraction 0.001
# significance 1e-13 minimumAmount 1.0820750985459791e-23
# Tdep fromInlet status found T 542.07258771077852 x 0.52016944074804028 peak 6.3579385649796503e-09 xPeak 0.56999999999999984 threshold 6.3579385649796506e-12 searchFrom 0.02
# Tdep fromPeak status found T 462.88194065681813 x 0.56000085692837143 peak 6.3579385649796503e-09 xPeak 0.56999999999999984 threshold 6.3579385649796506e-12
# Tpeak 440.01948296053388 K at x 0.56999999999999984 m; bin maximum of observable
# columns x_lo x_hi x gas wall sample observable Twall wallArea sampleGas
# units m m m mol/m mol/m mol/m mol/m K m2/m mol/m
-0.0050000000000000001 0.0049999999999999984 -8.6736173798840355e-19 2.1777291184739359e-37 0 0 0 1154.3029933481153 0.00010478626298042891 0
0.0049999999999999984 0.014999999999999996 0.0099999999999999967 1.5918541183507646e-34 0 0 0 1154.3029933481153 0.00020957252596085787 0
0.014999999999999996 0.024999999999999994 0.019999999999999997 1.4879355759195891e-31 0 0 0 1136.7073318722453 0.00020957252596085789 0
0.024999999999999994 0.034999999999999996 0.029999999999999995 9.8976509783345841e-29 0 0 0 1106.3707933001788 0.00020957252596085787 0
0.034999999999999996 0.044999999999999991 0.039999999999999994 6.5243931841638134e-26 0 0 0 1083.6969031406593 0.00020957252596085784 0
0.044999999999999991 0.054999999999999993 0.049999999999999989 4.5420395657520603e-23 0 0 0 1077.8460276460405 0.00020957252596085784 0
0.054999999999999993 0.064999999999999988 0.059999999999999991 2.3723772550896888e-20 0 0 0 1087.4026358280507 0.00020957252596085784 0
0.064999999999999988 0.074999999999999983 0.069999999999999979 1.903039660083824e-17 0 0 0 1100.1919020724692 0.00020957252596085784 0
0.074999999999999983 0.084999999999999978 0.079999999999999988 1.2794643571864945e-14 0 0 0 1113.1765669812471 0.00020957252596085784 0
0.084999999999999978 0.094999999999999973 0.089999999999999969 2.3334899242813008e-12 0 0 0 1123.4121009213136 0.00020957252596085784 0
0.094999999999999973 0.10499999999999998 0.099999999999999978 9.3440746690548179e-12 0 0 0 1129.0231455444089 0.00020957252596085789 0
0.10499999999999998 0.11499999999999998 0.10999999999999999 1.1500644268897151e-11 0 0 0 1128.8431213226866 0.00020957252596085784 0
0.11499999999999998 0.12499999999999997 0.11999999999999997 1.1528253164941791e-11 0 0 0 1126.1306696464599 0.00020957252596085784 0
0.12499999999999997 0.13499999999999998 0.12999999999999998 1.1603660253543534e-11 0 0 0 1118.705382251422 0.00020957252596085787 0
0.13499999999999998 0.14499999999999999 0.13999999999999999 1.1710019097285887e-11 0 0 0 1108.5278517312706 0.00020957252596085787 0
0.14499999999999999 0.15499999999999997 0.14999999999999997 1.1854247640741881e-11 0 0 0 1095.038736126402 0.00020957252596085784 0
0.15499999999999997 0.16499999999999995 0.15999999999999998 1.2023162030276136e-11 0 0 0 1079.6834021034078 0.00020957252596085789 0
0.16499999999999995 0.17499999999999996 0.16999999999999996 1.2201090716987043e-11 0 0 0 1063.8587720556234 0.00020957252596085787 0
0.17499999999999996 0.18499999999999997 0.17999999999999997 1.2358222148225243e-11 0 0 0 1050.3471952189859 0.00020957252596085787 0
0.18499999999999997 0.19499999999999995 0.18999999999999995 1.2508989364894071e-11 0 0 0 1037.6320181134281 0.00020957252596085784 0
0.19499999999999995 0.20499999999999993 0.19999999999999996 1.2633785697487161e-11 0 0 0 1027.4712114747965 0.00020957252596085784 0
0.20499999999999993 0.21499999999999997 0.20999999999999996 1.2756718370918356e-11 0 0 0 1017.5871454321508 0.00020957252596085787 0
0.21499999999999997 0.22499999999999998 0.21999999999999997 1.2875518055857139e-11 0 0 0 1008.1873472261839 0.00020957252596085787 0
0.22499999999999998 0.23499999999999996 0.22999999999999998 1.2999952639153478e-11 0 0 0 998.48635135115615 0.00020957252596085784 0
0.23499999999999996 0.24499999999999994 0.23999999999999994 1.3124321917570637e-11 0 0 0 989.05540733898238 0.00020957252596085789 0
0.24499999999999994 0.25499999999999995 0.24999999999999994 1.3265767066850912e-11 0 0 0 978.55989526348685 0.00020957252596085789 0
0.25499999999999995 0.26499999999999996 0.25999999999999995 1.3451929888525134e-11 0 0 0 964.98294017053445 0.00020957252596085787 0
0.26499999999999996 0.27499999999999997 0.26999999999999996 1.3678775902376213e-11 0 0 0 948.89318089947722 0.00020957252596085787 0
0.27499999999999997 0.28499999999999992 0.27999999999999992 1.3917926473146663e-11 0 0 0 932.55974792991196 0.00020957252596085787 0
0.28499999999999992 0.29499999999999998 0.28999999999999992 1.4176248784141839e-11 0 0 0 915.57143692968452 0.00020957252596085787 0
0.29499999999999998 0.30499999999999994 0.29999999999999993 1.4436678466415271e-11 0 0 0 899.07126746536767 0.00020957252596085787 0
0.30499999999999994 0.31499999999999995 0.30999999999999994 1.4684276708275785e-11 0 0 0 883.93117170367498 0.00020957252596085787 0
0.31499999999999995 0.3249999999999999 0.31999999999999995 1.496303290431455e-11 0 0 0 867.48700991609314 0.00020957252596085787 0
0.3249999999999999 0.33499999999999991 0.3299999999999999 1.5223935409417109e-11 0 0 0 852.66036950047169 0.00020957252596085787 0
0.33499999999999991 0.34499999999999997 0.33999999999999997 1.5486920274497736e-11 0 0 0 838.20745982385222 0.00020957252596085787 0
0.34499999999999997 0.35499999999999993 0.34999999999999998 1.5806690134356227e-11 0 0 0 821.13235638499509 0.00020957252596085787 0
0.35499999999999993 0.36499999999999994 0.35999999999999993 1.6104026254445919e-11 0 0 0 806.06130151197215 0.00020957252596085789 0
0.36499999999999994 0.37499999999999994 0.36999999999999994 1.643783472540791e-11 0 0 0 789.85367281883305 0.00020957252596085789 0
0.37499999999999994 0.38499999999999995 0.37999999999999995 1.6780227121596e-11 0 0 0 773.87292495550309 0.00020957252596085787 0
0.38499999999999995 0.39499999999999991 0.3899999999999999 1.7149435174069943e-11 0 0 0 757.1167120860888 0.00020957252596085784 0
0.39499999999999991 0.40499999999999992 0.39999999999999991 1.7515366894251158e-11 0 0 0 741.26019651439037 0.00020957252596085787 0
0.40499999999999992 0.41499999999999987 0.40999999999999992 1.7896350693850456e-11 0 0 0 725.38749858971596 0.00020957252596085787 0
0.41499999999999987 0.42499999999999993 0.41999999999999993 1.8306461144927722e-11 0 0 0 709.03527492536796 0.00020957252596085787 0
0.42499999999999993 0.43499999999999994 0.42999999999999994 1.8725324707708353e-11 0 0 0 693.10514492340894 0.00020957252596085787 0
0.43499999999999994 0.4449999999999999 0.43999999999999995 1.9164960914682898e-11 0 0 0 677.17011501504442 0.00020957252596085787 0
0.4449999999999999 0.45499999999999996 0.44999999999999996 1.9629829722845681e-11 0 0 0 661.17635001636734 0.00020957252596085787 0
0.45499999999999996 0.46499999999999991 0.45999999999999996 2.0111300235550294e-11 0 0 0 645.32783677294685 0.00020957252596085787 0
0.46499999999999991 0.47499999999999992 0.46999999999999992 2.0612017576988063e-11 0 0 0 629.65891965043409 0.00020957252596085787 0
0.47499999999999992 0.48499999999999988 0.47999999999999987 2.1143811218746624e-11 0 0 0 613.86165470295259 0.00020957252596085787 0
0.48499999999999988 0.49499999999999988 0.48999999999999988 2.1738892398345204e-11 0 0 0 596.98047039968833 0.00020957252596085787 0
0.49499999999999988 0.50499999999999989 0.49999999999999989 2.2379968252184898e-11 0 0 0 579.86918129809953 0.00020957252596085787 0
0.50499999999999989 0.5149999999999999 0.5099999999999999 2.312120832236992e-11 0 0 0 561.22350948063979 0.00020957252596085787 0
0.5149999999999999 0.52499999999999991 0.51999999999999991 2.3879749804342256e-11 0 0 0 542.37588672043705 0.00020957252596085787 0
0.52499999999999991 0.53499999999999992 0.52999999999999992 2.4015516503260088e-11 3.7523078943580695e-10 0 3.7523078943580695e-10 524.47588254988091 0.00020957252596085789 0
0.53499999999999992 0.54499999999999982 0.53999999999999981 2.4510417872207546e-11 1.3185284425086685e-10 0 1.3185284425086685e-10 504.60355410901064 0.00020957252596085789 0
0.54499999999999982 0.55499999999999994 0.54999999999999982 2.5507470265975998e-11 3.0845033590019527e-11 0 3.0845033590019527e-11 483.29888410093213 0.00020957252596085787 0
0.55499999999999994 0.56499999999999995 0.55999999999999994 2.5736932479323725e-11 5.8136069554158602e-12 0 5.8136069554158602e-12 462.88389997358166 0.00020957252596085787 0
0.56499999999999995 0.57499999999999984 0.56999999999999984 1.3028615093364529e-11 6.3579385649796503e-09 0 6.3579385649796503e-09 440.01948296053388 0.00020957252596085784 0
0.57499999999999984 0.58499999999999996 0.57999999999999985 1.80222994017148e-12 2.8237349566938434e-09 0 2.8237349566938434e-09 411.92624116487224 0.00020957252596085787 0
0.58499999999999996 0.59499999999999997 0.58999999999999997 1.4028219422579517e-13 2.9473154728341547e-10 0 2.9473154728341547e-10 381.33085265090233 0.00020957252596085787 0
0.59499999999999997 0.60499999999999987 0.59999999999999987 5.7833139933857734e-15 1.227070169035307e-11 0 1.227070169035307e-11 352.00287741712896 0.00020957252596085784 0
0.60499999999999987 0.61499999999999988 0.60999999999999988 2.6244036938550113e-16 4.0242286432281951e-13 0 4.0242286432281951e-13 331.23363626080584 0.00020957252596085789 0
0.61499999999999988 0.62499999999999989 0.61999999999999988 2.9648198739757383e-17 1.9913725688177612e-14 0 1.9913725688177612e-14 319.31989116070781 0.00020957252596085787 0
0.62499999999999989 0.6349999999999999 0.62999999999999989 7.1798019580392835e-18 3.797081726612693e-15 0 3.797081726612693e-15 310.5887388273963 0.00020957252596085787 0
0.6349999999999999 0.64499999999999991 0.6399999999999999 3.1651578934953484e-18 7.7305383384155856e-16 0 7.7305383384155856e-16 305.98055149289411 0.00020957252596085789 0
0.64499999999999991 0.6549999999999998 0.64999999999999991 1.9819833114400391e-18 2.3181690803478459e-16 0 2.3181690803478459e-16 303.32521226687732 0.00020957252596085784 0
0.6549999999999998 0.66499999999999992 0.65999999999999992 1.2905069065146957e-18 1.2855080240613289e-16 0 1.2855080240613289e-16 300.89631281337523 0.00020957252596085787 0
0.66499999999999992 0.67499999999999982 0.66999999999999993 9.8975677628247998e-19 7.2758715706735155e-17 0 7.2758715706735155e-17 299.50927676053743 0.00020957252596085784 0
0.67499999999999982 0.68499999999999983 0.67999999999999983 8.6919986264795319e-19 2.905321941598213e-17 0 2.905321941598213e-17 298.64835046632766 0.00020957252596085787 0
0.68499999999999983 0.69499999999999995 0.68999999999999995 7.3157216863395034e-19 3.60606368682494e-17 0 3.60606368682494e-17 297.59676044835737 0.00020957252596085787 0
0.69499999999999995 0.70499999999999985 0.69999999999999996 6.3288816731327661e-19 2.1184192061105067e-17 0 2.1184192061105067e-17 296.79961026964531 0.00020957252596085784 0
0.70499999999999985 0.71499999999999986 0.70999999999999985 5.7526520981219238e-19 5.0219839061998971e-18 0 5.0219839061998971e-18 296.33376064948828 0.00020957252596085789 0
0.71499999999999986 0.72499999999999987 0.71999999999999986 5.6346814238870001e-19 4.9723462745014832e-19 0 4.9723462745014832e-19 296.16798540846378 0.00020957252596085789 0
0.72499999999999987 0.73499999999999988 0.72999999999999987 5.1712560204580977e-19 1.3490146979273064e-17 0 1.3490146979273064e-17 295.82788846866288 0.00020957252596085787 0
0.73499999999999988 0.74499999999999988 0.73999999999999988 5.114765086103578e-19 0 0 0 296.20986696230597 0.00020957252596085787 0
0.74499999999999988 0.75499999999999989 0.74999999999999989 5.1147193902464603e-19 0 0 0 296.20986696230597 0.00020957252596085787 0
0.75499999999999989 0.7649999999999999 0.7599999999999999 5.1147187932028418e-19 0 0 0 296.20986696230597 0.00020957252596085787 0
0.7649999999999999 0.77499999999999991 0.76999999999999991 5.1147182284919556e-19 0 0 0 296.20986696230597 0.00020957252596085787 0
0.77499999999999991 0.78499999999999981 0.7799999999999998 5.1147176565082689e-19 0 0 0 296.20986696230591 0.00020957252596085789 0
0.78499999999999981 0.79499999999999982 0.78999999999999981 5.1147170885740742e-19 0 0 0 296.20986696230597 0.00020957252596085787 0
0.79499999999999982 0.80499999999999994 0.79999999999999982 5.1147165223625805e-19 0 0 0 296.20986696230597 0.00020957252596085787 0
0.80499999999999994 0.81499999999999984 0.80999999999999983 5.1147159486603315e-19 0 0 0 296.20986696230597 0.00020957252596085784 0
0.81499999999999984 0.82499999999999984 0.81999999999999984 5.1147153839472161e-19 0 0 0 296.20986696230591 0.00020957252596085789 0
0.82499999999999984 0.83499999999999974 0.82999999999999985 5.1147148130239483e-19 0 0 0 296.20986696230597 0.00020957252596085784 0
0.83499999999999974 0.84499999999999986 0.83999999999999986 5.1147142440339646e-19 0 0 0 296.20986696230602 0.00020957252596085787 0
0.84499999999999986 0.85499999999999987 0.84999999999999987 5.1147136789011756e-19 0 0 0 296.20986696230591 0.00020957252596085789 0
0.85499999999999987 0.86499999999999977 0.85999999999999988 5.1147131041250627e-19 0 0 0 296.20986696230597 0.00020957252596085784 0
0.86499999999999977 0.87499999999999989 0.86999999999999988 5.1147125394240875e-19 0 0 0 296.20986696230597 0.00020957252596085787 0
0.87499999999999989 0.8849999999999999 0.87999999999999989 5.1147119695789937e-19 0 0 0 296.20986696230597 0.00020957252596085787 0
0.8849999999999999 0.8949999999999998 0.8899999999999999 5.114711399517152e-19 0 0 0 296.20986696230597 0.00020957252596085784 0
0.8949999999999998 0.9049999999999998 0.8999999999999998 5.1147108348157569e-19 0 0 0 296.20986696230597 0.00020957252596085787 0
0.9049999999999998 0.91499999999999992 0.90999999999999992 5.1147102602571364e-19 0 0 0 296.20986696230597 0.00020957252596085789 0
0.91499999999999992 0.92499999999999982 0.91999999999999993 5.1147096949104209e-19 0 0 0 296.20986696230602 0.00020957252596085784 0
0.92499999999999982 0.93499999999999983 0.92999999999999983 5.1147091261342231e-19 0 0 0 296.20986696230597 0.00020957252596085787 0
0.93499999999999983 0.94499999999999984 0.93999999999999984 5.114708555000063e-19 0 0 0 296.20986696230597 0.00020957252596085787 0
0.94499999999999984 0.95499999999999985 0.94999999999999984 5.1147079902920292e-19 0 0 0 296.20986696230597 0.00020957252596085787 0
0.95499999999999985 0.96499999999999986 0.95999999999999985 5.1147074167999878e-19 0 0 0 296.20986696230591 0.00020957252596085789 0
0.96499999999999986 0.97499999999999976 0.96999999999999975 5.1147068503780237e-19 0 0 0 296.20986696230591 0.00020957252596085789 0
0.97499999999999976 0.98499999999999988 0.97999999999999976 5.1147062826669075e-19 0 0 0 296.20986696230602 0.00020957252596085787 0
0.98499999999999988 0.99499999999999977 0.98999999999999977 5.1147057104485934e-19 0 0 0 296.20986696230597 0.00020957252596085784 0
0.99499999999999977 1.0049999999999999 0.99999999999999978 5.114705145725805e-19 0 0 0 296.20986696230597 0.00020957252596085789 0
1.0049999999999999 1.0149999999999999 1.0099999999999998 5.1147045732871799e-19 0 0 0 296.20986696230597 0.00020957252596085787 0
1.0149999999999999 1.0249999999999999 1.02 5.1147040057805329e-19 0 0 0 296.20986696230597 0.00020957252596085787 0
1.0249999999999999 1.0349999999999999 1.0299999999999998 5.1147034391313158e-19 0 0 0 296.20986696230591 0.00020957252596085789 0
1.0349999999999999 1.0449999999999999 1.04 5.1147028658389885e-19 0 0 0 296.20986696230597 0.00020957252596085787 0
1.0449999999999999 1.0549999999999999 1.0499999999999998 5.1147023011150205e-19 0 0 0 296.20986696230597 0.00020957252596085787 0
1.0549999999999999 1.0649999999999997 1.0599999999999998 5.1147017297506685e-19 0 0 0 296.20986696230591 0.00020957252596085789 0
1.0649999999999997 1.075 1.0699999999999998 5.1147011611710205e-19 0 0 0 296.20986696230591 0.00020957252596085789 0
1.075 1.085 1.0800000000000001 5.1147005955900628e-19 0 0 0 296.20986696230597 0.00020957252596085787 0
1.085 1.0949999999999998 1.0899999999999999 5.1147000212225331e-19 0 0 0 296.20986696230602 0.00020957252596085784 0
1.0949999999999998 1.105 1.0999999999999999 5.1146994564997698e-19 0 0 0 296.20986696230597 0.00020957252596085787 0
1.105 1.115 1.1099999999999999 5.1146988862061568e-19 0 0 0 296.20986696230597 0.00020957252596085787 0
1.115 1.1249999999999998 1.1199999999999999 5.1146983165531438e-19 0 0 0 296.20986696230597 0.00020957252596085784 0
1.1249999999999998 1.135 1.1299999999999999 5.1146977518296409e-19 0 0 0 296.20986696230597 0.00020957252596085787 0
1.135 1.145 1.1400000000000001 5.1146971768181034e-19 0 0 0 296.20986696230591 0.00020957252596085789 0
1.145 1.1549999999999998 1.1499999999999999 5.114696611878516e-19 0 0 0 296.20986696230597 0.00020957252596085789 0
1.1549999999999998 1.165 1.1599999999999999 5.1146960426505306e-19 0 0 0 296.20986696230597 0.00020957252596085787 0
1.165 1.175 1.1699999999999999 5.1146954719192886e-19 0 0 0 296.20986696230597 0.00020957252596085787 0
1.175 1.1849999999999998 1.1799999999999999 5.1146949071862418e-19 0 0 0 296.20986696230597 0.00020957252596085789 0
1.1849999999999998 1.1950000000000001 1.1899999999999999 5.1146943332348141e-19 0 0 0 296.20986696230597 0.00020957252596085787 0
1.1950000000000001 1.2049999999999998 1.2 5.114693767213714e-19 0 0 0 296.20986696230602 0.00020957252596085784 0
1.2049999999999998 1.2149999999999999 1.21 5.1146931990496345e-19 0 0 0 296.20986696230591 0.00020957252596085789 0
1.2149999999999999 1.2249999999999999 1.2199999999999998 5.1146926272409627e-19 0 0 0 296.20986696230597 0.00020957252596085787 0
1.2249999999999999 1.2349999999999999 1.23 5.1146920625061219e-19 0 0 0 296.20986696230597 0.00020957252596085787 0
1.2349999999999999 1.2449999999999999 1.2399999999999998 5.1146914896256076e-19 0 0 0 296.20986696230591 0.00020957252596085789 0
1.2449999999999999 1.2549999999999999 1.25 2.5573455352055905e-19 0 0 0 296.20986696230591 0.00010478626298043125 0
