# axial profiles of the pair PbI2_g -> PbI2_s, bin set native (rhoFixedFlowFoam, axialProfiles.H)
# time 60.000000000027363 directory 60 reason write time
# molarMass 0.46100893999999998
# axis (1 0 0) origin (0 0 0)
# nBins 126
# inventory gas 8.7979390019141568e-14 wall 2.7244528940622296e-12 sample 0
# binned gas 8.7979390019141556e-14 wall 2.7244528940622296e-12 sample 0
# outside gas 0 wall 0 sample 0
# observable wall
# fraction 0.001
# significance 1e-13 minimumAmount 2.8124322840813711e-25
# Tdep fromInlet status found T 542.35798671626651 x 0.52000999999999986 peak 1.8761539471790345e-10 xPeak 0.52999999999999992 threshold 1.8761539471790346e-13 searchFrom 0.02
# Tdep fromPeak status found T 542.35798671626651 x 0.52000999999999986 peak 1.8761539471790345e-10 xPeak 0.52999999999999992 threshold 1.8761539471790346e-13
# Tpeak 524.47588254988091 K at x 0.52999999999999992 m; bin maximum of observable
# columns x_lo x_hi x gas wall sample observable Twall wallArea sampleGas
# units m m m mol/m mol/m mol/m mol/m K m2/m mol/m
-0.0050000000000000001 0.0049999999999999984 -8.6736173798840355e-19 5.5839728956823991e-89 0 0 0 1154.3029933481153 0.00010478626298042891 0
0.0049999999999999984 0.014999999999999996 0.0099999999999999967 6.2507557655033248e-81 0 0 0 1154.3029933481153 0.00020957252596085787 0
0.014999999999999996 0.024999999999999994 0.019999999999999997 3.1049670565152837e-71 0 0 0 1136.7073318722453 0.00020957252596085789 0
0.024999999999999994 0.034999999999999996 0.029999999999999995 5.6278329975040254e-62 0 0 0 1106.3707933001788 0.00020957252596085787 0
0.034999999999999996 0.044999999999999991 0.039999999999999994 9.5889700223035446e-54 0 0 0 1083.6969031406593 0.00020957252596085784 0
0.044999999999999991 0.054999999999999993 0.049999999999999989 5.8883078115950521e-45 0 0 0 1077.8460276460405 0.00020957252596085784 0
0.054999999999999993 0.064999999999999988 0.059999999999999991 2.0665946390947645e-37 0 0 0 1087.4026358280507 0.00020957252596085784 0
0.064999999999999988 0.074999999999999983 0.069999999999999979 9.9797278768978416e-29 0 0 0 1100.1919020724692 0.00020957252596085784 0
0.074999999999999983 0.084999999999999978 0.079999999999999988 2.6893947083670261e-20 0 0 0 1113.1765669812471 0.00020957252596085784 0
0.084999999999999978 0.094999999999999973 0.089999999999999969 8.5118107458890966e-16 0 0 0 1123.4121009213136 0.00020957252596085784 0
0.094999999999999973 0.10499999999999998 0.099999999999999978 5.9667890113414054e-15 0 0 0 1129.0231455444089 0.00020957252596085789 0
0.10499999999999998 0.11499999999999998 0.10999999999999999 8.0579252311883878e-15 0 0 0 1128.8431213226866 0.00020957252596085784 0
0.11499999999999998 0.12499999999999997 0.11999999999999997 8.1854136672606978e-15 0 0 0 1126.1306696464599 0.00020957252596085784 0
0.12499999999999997 0.13499999999999998 0.12999999999999998 8.5073092164336955e-15 0 0 0 1118.705382251422 0.00020957252596085787 0
0.13499999999999998 0.14499999999999999 0.13999999999999999 8.9029226618029032e-15 0 0 0 1108.5278517312706 0.00020957252596085787 0
0.14499999999999999 0.15499999999999997 0.14999999999999997 9.3507822726380286e-15 0 0 0 1095.038736126402 0.00020957252596085784 0
0.15499999999999997 0.16499999999999995 0.15999999999999998 9.7796245225238454e-15 0 0 0 1079.6834021034078 0.00020957252596085789 0
0.16499999999999995 0.17499999999999996 0.16999999999999996 1.01697402994855e-14 0 0 0 1063.8587720556234 0.00020957252596085787 0
0.17499999999999996 0.18499999999999997 0.17999999999999997 1.0519400370215225e-14 0 0 0 1050.3471952189859 0.00020957252596085787 0
0.18499999999999997 0.19499999999999995 0.18999999999999995 1.0908621170023541e-14 0 0 0 1037.6320181134281 0.00020957252596085784 0
0.19499999999999995 0.20499999999999993 0.19999999999999996 1.1299203940144262e-14 0 0 0 1027.4712114747965 0.00020957252596085784 0
0.20499999999999993 0.21499999999999997 0.20999999999999996 1.1762114303312409e-14 0 0 0 1017.5871454321508 0.00020957252596085787 0
0.21499999999999997 0.22499999999999998 0.21999999999999997 1.230672241172152e-14 0 0 0 1008.1873472261839 0.00020957252596085787 0
0.22499999999999998 0.23499999999999996 0.22999999999999998 1.3001466274017102e-14 0 0 0 998.48635135115615 0.00020957252596085784 0
0.23499999999999996 0.24499999999999994 0.23999999999999994 1.3843013542731143e-14 0 0 0 989.05540733898238 0.00020957252596085789 0
0.24499999999999994 0.25499999999999995 0.24999999999999994 1.5002788194142697e-14 0 0 0 978.55989526348685 0.00020957252596085789 0
0.25499999999999995 0.26499999999999996 0.25999999999999995 1.6915454490595254e-14 0 0 0 964.98294017053445 0.00020957252596085787 0
0.26499999999999996 0.27499999999999997 0.26999999999999996 1.9988463696042822e-14 0 0 0 948.89318089947722 0.00020957252596085787 0
0.27499999999999997 0.28499999999999992 0.27999999999999992 2.4332524635951574e-14 0 0 0 932.55974792991196 0.00020957252596085787 0
0.28499999999999992 0.29499999999999998 0.28999999999999992 2.6530451292550767e-14 0 0 0 915.57143692968452 0.00020957252596085787 0
0.29499999999999998 0.30499999999999994 0.29999999999999993 2.364351158350944e-14 0 0 0 899.07126746536767 0.00020957252596085787 0
0.30499999999999994 0.31499999999999995 0.30999999999999994 2.1803579878428515e-14 0 0 0 883.93117170367498 0.00020957252596085787 0
0.31499999999999995 0.3249999999999999 0.31999999999999995 2.7438940366665574e-14 0 0 0 867.48700991609314 0.00020957252596085787 0
0.3249999999999999 0.33499999999999991 0.3299999999999999 3.8471179763863905e-14 0 0 0 852.66036950047169 0.00020957252596085787 0
0.33499999999999991 0.34499999999999997 0.33999999999999997 5.4372687490404932e-14 0 0 0 838.20745982385222 0.00020957252596085787 0
0.34499999999999997 0.35499999999999993 0.34999999999999998 8.2461722360462117e-14 0 0 0 821.13235638499509 0.00020957252596085787 0
0.35499999999999993 0.36499999999999994 0.35999999999999993 1.2117171457580142e-13 0 0 0 806.06130151197215 0.00020957252596085789 0
0.36499999999999994 0.37499999999999994 0.36999999999999994 1.8408083987360993e-13 0 0 0 789.85367281883305 0.00020957252596085789 0
0.37499999999999994 0.38499999999999995 0.37999999999999995 2.7221398723250455e-13 0 0 0 773.87292495550309 0.00020957252596085787 0
0.38499999999999995 0.39499999999999991 0.3899999999999999 3.5663248139818724e-13 0 0 0 757.1167120860888 0.00020957252596085784 0
0.39499999999999991 0.40499999999999992 0.39999999999999991 4.1569892543616998e-13 0 0 0 741.26019651439037 0.00020957252596085787 0
0.40499999999999992 0.41499999999999987 0.40999999999999992 4.5250327232152734e-13 0 0 0 725.38749858971596 0.00020957252596085787 0
0.41499999999999987 0.42499999999999993 0.41999999999999993 4.782737550204162e-13 0 0 0 709.03527492536796 0.00020957252596085787 0
0.42499999999999993 0.43499999999999994 0.42999999999999994 4.9603905448246946e-13 0 0 0 693.10514492340894 0.00020957252596085787 0
0.43499999999999994 0.4449999999999999 0.43999999999999995 5.1129214758682271e-13 0 0 0 677.17011501504442 0.00020957252596085787 0
0.4449999999999999 0.45499999999999996 0.44999999999999996 5.2559359718878634e-13 0 0 0 661.17635001636734 0.00020957252596085787 0
0.45499999999999996 0.46499999999999991 0.45999999999999996 5.3913012150306096e-13 0 0 0 645.32783677294685 0.00020957252596085787 0
0.46499999999999991 0.47499999999999992 0.46999999999999992 5.5282010831466242e-13 0 0 0 629.65891965043409 0.00020957252596085787 0
0.47499999999999992 0.48499999999999988 0.47999999999999987 5.6727098694279281e-13 0 0 0 613.86165470295259 0.00020957252596085787 0
0.48499999999999988 0.49499999999999988 0.48999999999999988 5.8330537626817402e-13 0 0 0 596.98047039968833 0.00020957252596085787 0
0.49499999999999988 0.50499999999999989 0.49999999999999989 6.0053703210636325e-13 0 0 0 579.86918129809953 0.00020957252596085787 0
0.50499999999999989 0.5149999999999999 0.5099999999999999 6.2017164785380479e-13 0 0 0 561.22350948063979 0.00020957252596085787 0
0.5149999999999999 0.52499999999999991 0.51999999999999991 6.1992418030174672e-13 0 0 0 542.37588672043705 0.00020957252596085787 0
0.52499999999999991 0.53499999999999992 0.52999999999999992 2.99438946906775e-13 1.8761539471790345e-10 0 1.8761539471790345e-10 524.47588254988091 0.00020957252596085789 0
0.53499999999999992 0.54499999999999982 0.53999999999999981 7.8210044559231479e-14 6.5926422125433411e-11 0 6.5926422125433411e-11 504.60355410901064 0.00020957252596085789 0
0.54499999999999982 0.55499999999999994 0.54999999999999982 1.5952648459460865e-14 1.5422516795009767e-11 0 1.5422516795009767e-11 483.29888410093213 0.00020957252596085787 0
0.55499999999999994 0.56499999999999995 0.55999999999999994 2.8835752525093751e-15 2.9068034777079301e-12 0 2.9068034777079301e-12 462.88389997358166 0.00020957252596085787 0
0.56499999999999995 0.57499999999999984 0.56999999999999984 3.9309095418853529e-16 5.0596449605307284e-13 0 5.0596449605307284e-13 440.01948296053388 0.00020957252596085784 0
0.57499999999999984 0.58499999999999996 0.57999999999999985 2.6782470652379944e-17 6.458433791269842e-14 0 6.458433791269842e-14 411.92624116487224 0.00020957252596085787 0
0.58499999999999996 0.59499999999999997 0.58999999999999997 1.1031447527866708e-18 3.5326659216920094e-15 0 3.5326659216920094e-15 381.33085265090233 0.00020957252596085787 0
0.59499999999999997 0.60499999999999987 0.59999999999999987 2.0732582953799403e-20 6.9733307591649044e-17 0 6.9733307591649044e-17 352.00287741712896 0.00020957252596085784 0
0.60499999999999987 0.61499999999999988 0.60999999999999988 3.8065668686049178e-22 1.0324852951946338e-18 0 1.0324852951946338e-18 331.23363626080584 0.00020957252596085789 0
0.61499999999999988 0.62499999999999989 0.61999999999999988 1.9267156243576662e-23 2.1577650945984805e-20 0 2.1577650945984805e-20 319.31989116070781 0.00020957252596085787 0
0.62499999999999989 0.6349999999999999 0.62999999999999989 2.9865566978060422e-24 2.3659171761782312e-21 0 2.3659171761782312e-21 310.5887388273963 0.00020957252596085787 0
0.6349999999999999 0.64499999999999991 0.6399999999999999 1.0528031568275393e-24 3.5644213402052636e-22 0 3.5644213402052636e-22 305.98055149289411 0.00020957252596085789 0
0.64499999999999991 0.6549999999999998 0.64999999999999991 5.7722551226576429e-25 9.0935252495226309e-23 0 9.0935252495226309e-23 303.32521226687732 0.00020957252596085784 0
0.6549999999999998 0.66499999999999992 0.65999999999999992 3.298225441031557e-25 4.4695767295648176e-23 0 4.4695767295648176e-23 300.89631281337523 0.00020957252596085787 0
0.66499999999999992 0.67499999999999982 0.66999999999999993 2.3461417984730822e-25 2.3224626250561119e-23 0 2.3224626250561119e-23 299.50927676053743 0.00020957252596085784 0
0.67499999999999982 0.68499999999999983 0.67999999999999983 1.9917722004968546e-25 8.4854757190957172e-24 0 8.4854757190957172e-24 298.64835046632766 0.00020957252596085787 0
0.68499999999999983 0.69499999999999995 0.68999999999999995 1.5945696876177925e-25 1.0397282586806995e-23 0 1.0397282586806995e-23 297.59676044835737 0.00020957252596085787 0
0.69499999999999995 0.70499999999999985 0.69999999999999996 1.3227340927312755e-25 5.7609522721769991e-24 0 5.7609522721769991e-24 296.79961026964531 0.00020957252596085784 0
0.70499999999999985 0.71499999999999986 0.70999999999999985 1.170418704349005e-25 1.2048603817732574e-24 0 1.2048603817732574e-24 296.33376064948828 0.00020957252596085789 0
0.71499999999999986 0.72499999999999987 0.71999999999999986 1.1412136485267919e-25 1.0733406176369186e-25 0 1.0733406176369186e-25 296.16798540846378 0.00020957252596085789 0
0.72499999999999987 0.73499999999999988 0.72999999999999987 1.0192955252178426e-25 3.5718904720013531e-24 0 3.5718904720013531e-24 295.82788846866288 0.00020957252596085787 0
0.73499999999999988 0.74499999999999988 0.73999999999999988 1.0061133154195012e-25 0 0 0 296.20986696230597 0.00020957252596085787 0
0.74499999999999988 0.75499999999999989 0.74999999999999989 1.0061045093211399e-25 0 0 0 296.20986696230597 0.00020957252596085787 0
0.75499999999999989 0.7649999999999999 0.7599999999999999 1.006104391897118e-25 0 0 0 296.20986696230597 0.00020957252596085787 0
0.7649999999999999 0.77499999999999991 0.76999999999999991 1.0061042808142394e-25 0 0 0 296.20986696230597 0.00020957252596085787 0
0.77499999999999991 0.78499999999999981 0.7799999999999998 1.0061041683008522e-25 0 0 0 296.20986696230591 0.00020957252596085789 0
0.78499999999999981 0.79499999999999982 0.78999999999999981 1.0061040565839145e-25 0 0 0 296.20986696230597 0.00020957252596085787 0
0.79499999999999982 0.80499999999999994 0.79999999999999982 1.006103945205793e-25 0 0 0 296.20986696230597 0.00020957252596085787 0
0.80499999999999994 0.81499999999999984 0.80999999999999983 1.0061038323540887e-25 0 0 0 296.20986696230597 0.00020957252596085784 0
0.81499999999999984 0.82499999999999984 0.81999999999999984 1.0061037212707042e-25 0 0 0 296.20986696230591 0.00020957252596085789 0
0.82499999999999984 0.83499999999999974 0.82999999999999985 1.0061036089657184e-25 0 0 0 296.20986696230597 0.00020957252596085784 0
0.83499999999999974 0.84499999999999986 0.83999999999999986 1.0061034970410021e-25 0 0 0 296.20986696230602 0.00020957252596085787 0
0.84499999999999986 0.85499999999999987 0.84999999999999987 1.0061033858750318e-25 0 0 0 296.20986696230591 0.00020957252596085789 0
0.85499999999999987 0.86499999999999977 0.85999999999999988 1.0061032728122254e-25 0 0 0 296.20986696230597 0.00020957252596085784 0
0.86499999999999977 0.87499999999999989 0.86999999999999988 1.0061031617312434e-25 0 0 0 296.20986696230597 0.00020957252596085787 0
0.87499999999999989 0.8849999999999999 0.87999999999999989 1.0061030496385136e-25 0 0 0 296.20986696230597 0.00020957252596085787 0
0.8849999999999999 0.8949999999999998 0.8899999999999999 1.0061029375030193e-25 0 0 0 296.20986696230597 0.00020957252596085784 0
0.8949999999999998 0.9049999999999998 0.8999999999999998 1.0061028264219522e-25 0 0 0 296.20986696230597 0.00020957252596085787 0
0.9049999999999998 0.91499999999999992 0.90999999999999992 1.0061027134019355e-25 0 0 0 296.20986696230597 0.00020957252596085789 0
0.91499999999999992 0.92499999999999982 0.91999999999999993 1.0061026021938924e-25 0 0 0 296.20986696230602 0.00020957252596085784 0
0.92499999999999982 0.93499999999999983 0.92999999999999983 1.0061024903111368e-25 0 0 0 296.20986696230597 0.00020957252596085787 0
0.93499999999999983 0.94499999999999984 0.93999999999999984 1.0061023779645543e-25 0 0 0 296.20986696230597 0.00020957252596085787 0
0.94499999999999984 0.95499999999999985 0.94999999999999984 1.0061022668820666e-25 0 0 0 296.20986696230597 0.00020957252596085787 0
0.95499999999999985 0.96499999999999986 0.95999999999999985 1.0061021540718066e-25 0 0 0 296.20986696230591 0.00020957252596085789 0
0.96499999999999986 0.97499999999999976 0.96999999999999975 1.0061020426523578e-25 0 0 0 296.20986696230591 0.00020957252596085789 0
0.97499999999999976 0.98499999999999988 0.97999999999999976 1.0061019309794048e-25 0 0 0 296.20986696230602 0.00020957252596085787 0
0.98499999999999988 0.99499999999999977 0.98999999999999977 1.0061018184197968e-25 0 0 0 296.20986696230597 0.00020957252596085784 0
0.99499999999999977 1.0049999999999999 0.99999999999999978 1.0061017073345677e-25 0 0 0 296.20986696230597 0.00020957252596085789 0
1.0049999999999999 1.0149999999999999 1.0099999999999998 1.0061015947316847e-25 0 0 0 296.20986696230597 0.00020957252596085787 0
1.0149999999999999 1.0249999999999999 1.02 1.0061014830988049e-25 0 0 0 296.20986696230597 0.00020957252596085787 0
1.0249999999999999 1.0349999999999999 1.0299999999999998 1.0061013716345973e-25 0 0 0 296.20986696230591 0.00020957252596085789 0
1.0349999999999999 1.0449999999999999 1.04 1.0061012588637836e-25 0 0 0 296.20986696230597 0.00020957252596085787 0
1.0449999999999999 1.0549999999999999 1.0499999999999998 1.0061011477783737e-25 0 0 0 296.20986696230597 0.00020957252596085787 0
1.0549999999999999 1.0649999999999997 1.0599999999999998 1.0061010353866493e-25 0 0 0 296.20986696230591 0.00020957252596085789 0
1.0649999999999997 1.075 1.0699999999999998 1.0061009235426242e-25 0 0 0 296.20986696230591 0.00020957252596085789 0
1.075 1.085 1.0800000000000001 1.0061008122883957e-25 0 0 0 296.20986696230597 0.00020957252596085787 0
1.085 1.0949999999999998 1.0899999999999999 1.0061006993057915e-25 0 0 0 296.20986696230602 0.00020957252596085784 0
1.0949999999999998 1.105 1.0999999999999999 1.0061005882202898e-25 0 0 0 296.20986696230597 0.00020957252596085787 0
1.105 1.115 1.1099999999999999 1.0061004760390557e-25 0 0 0 296.20986696230597 0.00020957252596085787 0
1.115 1.1249999999999998 1.1199999999999999 1.0061003639838497e-25 0 0 0 296.20986696230597 0.00020957252596085784 0
1.1249999999999998 1.135 1.1299999999999999 1.006100252898338e-25 0 0 0 296.20986696230597 0.00020957252596085787 0
1.135 1.145 1.1400000000000001 1.0061001397891496e-25 0 0 0 296.20986696230591 0.00020957252596085789 0
1.145 1.1549999999999998 1.1499999999999999 1.0061000286611583e-25 0 0 0 296.20986696230597 0.00020957252596085789 0
1.1549999999999998 1.165 1.1599999999999999 1.0060999166897357e-25 0 0 0 296.20986696230597 0.00020957252596085787 0
1.165 1.175 1.1699999999999999 1.0060998044226375e-25 0 0 0 296.20986696230597 0.00020957252596085787 0
1.175 1.1849999999999998 1.1799999999999999 1.0060996933353513e-25 0 0 0 296.20986696230597 0.00020957252596085789 0
1.1849999999999998 1.1950000000000001 1.1899999999999999 1.0060995804347477e-25 0 0 0 296.20986696230597 0.00020957252596085787 0
1.1950000000000001 1.2049999999999998 1.2 1.006099469093989e-25 0 0 0 296.20986696230602 0.00020957252596085784 0
1.2049999999999998 1.2149999999999999 1.21 1.0060993573316602e-25 0 0 0 296.20986696230591 0.00020957252596085789 0
1.2149999999999999 1.2249999999999999 1.2199999999999998 1.0060992448524539e-25 0 0 0 296.20986696230597 0.00020957252596085787 0
1.2249999999999999 1.2349999999999999 1.23 1.0060991337647401e-25 0 0 0 296.20986696230597 0.00020957252596085787 0
1.2349999999999999 1.2449999999999999 1.2399999999999998 1.0060990210748565e-25 0 0 0 296.20986696230591 0.00020957252596085789 0
1.2449999999999999 1.2549999999999999 1.25 5.0304946930609446e-26 0 0 0 296.20986696230591 0.00010478626298043125 0
