# axial profiles of the pair element_I -> I, bin set native (rhoFixedFlowFoam, axialProfiles.H)
# time 60.000000000027363 directory 60 reason write time
# molarMass 1
# axis (1 0 0) origin (0 0 0)
# nBins 126
# inventory gas 8.8080909410804293e-11 wall 4.7992135099826513e-09 sample 0
# binned gas 8.8080909410804293e-11 wall 4.7992135099826504e-09 sample 0
# outside gas 0 wall 0 sample 0
# observable wall
# fraction 0.001
# significance 1e-13 minimumAmount 4.887294419393455e-22
# Tdep fromInlet status found T 656.59886505077122 x 0.35000999999999999 peak 1.6873171883944259e-07 xPeak 0.35999999999999993 threshold 1.687317188394426e-10 searchFrom 0.02
# Tdep fromPeak status found T 656.59886505077122 x 0.35000999999999999 peak 1.6873171883944259e-07 xPeak 0.35999999999999993 threshold 1.687317188394426e-10
# Tpeak 639.64212611188373 K at x 0.35999999999999993 m; bin maximum of observable
# columns x_lo x_hi x gas wall sample observable Twall wallArea sampleGas
# units m m m mol/m mol/m mol/m mol/m K m2/m mol/m
-0.0050000000000000001 0.0049999999999999984 -8.6736173798840355e-19 7.6659120262815408e-46 0 0 0 1124.6398688915376 0.00010478626298042891 0
0.0049999999999999984 0.014999999999999996 0.0099999999999999967 5.7194659292131407e-42 0 0 0 1124.6398688915374 0.00020957252596085787 0
0.014999999999999996 0.024999999999999994 0.019999999999999997 8.4512638022175073e-38 0 0 0 1123.1863099859033 0.00020957252596085789 0
0.024999999999999994 0.034999999999999996 0.029999999999999995 8.1011323736903684e-34 0 0 0 1113.9489211668772 0.00020957252596085787 0
0.034999999999999996 0.044999999999999991 0.039999999999999994 7.5857830941936752e-30 0 0 0 1102.033035139696 0.00020957252596085784 0
0.044999999999999991 0.054999999999999993 0.049999999999999989 9.0094909134118158e-26 0 0 0 1089.8716671569673 0.00020957252596085784 0
0.054999999999999993 0.064999999999999988 0.059999999999999991 5.5160910313034974e-22 0 0 0 1074.168918252584 0.00020957252596085784 0
0.064999999999999988 0.074999999999999983 0.069999999999999979 6.8349847572381928e-18 0 0 0 1059.6796582199379 0.00020957252596085784 0
0.074999999999999983 0.084999999999999978 0.079999999999999988 5.7155576944112411e-14 0 0 0 1046.1746661388897 0.00020957252596085784 0
0.084999999999999978 0.094999999999999973 0.089999999999999969 4.6839695774292618e-11 0 0 0 1034.9250575264514 0.00020957252596085784 2.3404339818810099e-11
0.094999999999999973 0.10499999999999998 0.099999999999999978 2.0619085211238465e-10 0 0 0 1024.8841244995065 0.00020957252596085789 9.3407718989723378e-11
0.10499999999999998 0.11499999999999998 0.10999999999999999 2.5985322247162638e-10 0 0 0 1015.6821435425861 0.00020957252596085784 0
0.11499999999999998 0.12499999999999997 0.11999999999999997 2.6195066893594401e-10 0 0 0 1007.0978393043787 0.00020957252596085784 0
0.12499999999999997 0.13499999999999998 0.12999999999999998 2.640742578420735e-10 0 0 0 998.99489726637967 0.00020957252596085787 0
0.13499999999999998 0.14499999999999999 0.13999999999999999 2.6659096451240279e-10 0 0 0 989.58748981415181 0.00020957252596085787 0
0.14499999999999999 0.15499999999999997 0.14999999999999997 2.6978766133475965e-10 0 0 0 977.86160343364963 0.00020957252596085784 0
0.15499999999999997 0.16499999999999995 0.15999999999999998 2.7418853210025653e-10 0 0 0 961.96586573424554 0.00020957252596085789 0
0.16499999999999995 0.17499999999999996 0.16999999999999996 2.7891923375997691e-10 0 0 0 945.62293160559125 0.00020957252596085787 0
0.17499999999999996 0.18499999999999997 0.17999999999999997 2.8421186244338488e-10 0 0 0 927.97793842869658 0.00020957252596085787 0
0.18499999999999997 0.19499999999999995 0.18999999999999995 2.8950258646125071e-10 0 0 0 911.03437176821456 0.00020957252596085784 0
0.19499999999999995 0.20499999999999993 0.19999999999999996 2.9442360517329985e-10 0 0 0 895.8504733516661 0.00020957252596085784 0
0.20499999999999993 0.21499999999999997 0.20999999999999996 2.9869274537548386e-10 0 0 0 883.13990272541412 0.00020957252596085787 0
0.21499999999999997 0.22499999999999998 0.21999999999999997 3.0398881851036675e-10 0 0 0 867.71433681521228 0.00020957252596085787 0
0.22499999999999998 0.23499999999999996 0.22999999999999998 3.0945776856187664e-10 0 0 0 852.28570022745805 0.00020957252596085784 0
0.23499999999999996 0.24499999999999994 0.23999999999999994 3.1505204464998935e-10 0 0 0 837.11771179072582 0.00020957252596085789 0
0.24499999999999994 0.25499999999999995 0.24999999999999994 3.2167042334603031e-10 0 0 0 819.81252078459079 0.00020957252596085789 0
0.25499999999999995 0.26499999999999996 0.25999999999999995 3.2792229807732418e-10 0 0 0 804.27213248377473 0.00020957252596085787 0
0.26499999999999996 0.27499999999999997 0.26999999999999996 3.349421398976606e-10 0 0 0 787.36385005142131 0.00020957252596085787 0
0.27499999999999997 0.28499999999999992 0.27999999999999992 3.4115861002750086e-10 0 0 0 773.10823596304397 0.00020957252596085787 0
0.28499999999999992 0.29499999999999998 0.28999999999999992 3.4970882683121804e-10 0 0 0 754.03097708405471 0.00020957252596085787 0
0.29499999999999998 0.30499999999999994 0.29999999999999993 3.5962715546889898e-10 0 0 0 733.20844480622054 0.00020957252596085787 0
0.30499999999999994 0.31499999999999995 0.30999999999999994 3.6631591122795863e-10 0 0 0 720.0428703675924 0.00020957252596085787 0
0.31499999999999995 0.3249999999999999 0.31999999999999995 3.7405610710112232e-10 0 0 0 704.98375950557818 0.00020957252596085787 0
0.3249999999999999 0.33499999999999991 0.3299999999999999 3.8351470865708292e-10 0 0 0 687.49325338422148 0.00020957252596085787 0
0.33499999999999991 0.34499999999999997 0.33999999999999997 3.9226122250766069e-10 0 0 0 672.20857362857919 0.00020957252596085787 0
0.34499999999999997 0.35499999999999993 0.34999999999999998 4.0072776587947408e-10 0 0 0 656.61583876342274 0.00020957252596085787 0
0.35499999999999993 0.36499999999999994 0.35999999999999993 3.2753383417860575e-10 1.6873171883944259e-07 0 1.6873171883944259e-07 639.64212611188373 0.00020957252596085789 0
0.36499999999999994 0.37499999999999994 0.36999999999999994 1.6869191638074204e-10 1.5434180006854364e-07 0 1.5434180006854364e-07 623.60650855289373 0.00020957252596085789 0
0.37499999999999994 0.38499999999999995 0.37999999999999995 8.2306284217287705e-11 8.5505565772992482e-08 0 8.5505565772992482e-08 608.10629466445312 0.00020957252596085787 0
0.38499999999999995 0.39499999999999991 0.3899999999999999 3.4244211544701352e-11 4.2882511413465164e-08 0 4.2882511413465164e-08 590.34077895168218 0.00020957252596085784 0
0.39499999999999991 0.40499999999999992 0.39999999999999991 1.2660129436558003e-11 1.8203523149239323e-08 0 1.8203523149239323e-08 571.64472796787402 0.00020957252596085787 0
0.40499999999999992 0.41499999999999987 0.40999999999999992 4.8293920703370487e-12 6.5496194164572118e-09 0 6.5496194164572118e-09 555.38041437258778 0.00020957252596085787 0
0.41499999999999987 0.42499999999999993 0.41999999999999993 1.5917772325546802e-12 2.6744642028665721e-09 0 2.6744642028665721e-09 535.77917967463918 0.00020957252596085787 0
0.42499999999999993 0.43499999999999994 0.42999999999999994 4.1847385284564195e-13 7.7780133638403239e-10 0 7.7780133638403239e-10 515.50206096230829 0.00020957252596085787 0
0.43499999999999994 0.4449999999999999 0.43999999999999995 1.0194847326560518e-13 1.9658628307802644e-10 0 1.9658628307802644e-10 496.05896268798114 0.00020957252596085787 0
0.4449999999999999 0.45499999999999996 0.44999999999999996 2.1898698444303439e-14 4.6857728971108715e-11 0 4.6857728971108715e-11 475.53659741794007 0.00020957252596085787 0
0.45499999999999996 0.46499999999999991 0.45999999999999996 3.7380538086871368e-15 9.3574322523787547e-12 0 9.3574322523787547e-12 453.42675453473106 0.00020957252596085787 0
0.46499999999999991 0.47499999999999992 0.46999999999999992 4.4887847593413604e-16 1.3898537198247398e-12 0 1.3898537198247398e-12 429.03580817397773 0.00020957252596085787 0
0.47499999999999992 0.48499999999999988 0.47999999999999987 3.4920446818018058e-17 1.468948550737681e-13 0 1.468948550737681e-13 397.79249872903296 0.00020957252596085787 0
0.48499999999999988 0.49499999999999988 0.48999999999999988 1.6311779528069433e-18 8.3075628235302692e-15 0 8.3075628235302692e-15 363.00362851236224 0.00020957252596085787 0
0.49499999999999988 0.50499999999999989 0.49999999999999989 5.5414061355372835e-20 2.8881782677647923e-16 0 2.8881782677647923e-16 338.26200894644171 0.00020957252596085787 0
0.50499999999999989 0.5149999999999999 0.5099999999999999 1.8193962152946843e-21 9.3354246508500237e-18 0 9.3354246508500237e-18 323.47597094579402 0.00020957252596085787 0
0.5149999999999999 0.52499999999999991 0.51999999999999991 6.1277189268892234e-23 2.7053973040202103e-19 0 2.7053973040202103e-19 313.71354030967126 0.00020957252596085787 0
0.52499999999999991 0.53499999999999992 0.52999999999999992 6.2044974307257305e-24 8.9268650687612293e-21 0 8.9268650687612293e-21 308.83566720527438 0.00020957252596085789 0
0.53499999999999992 0.54499999999999982 0.53999999999999981 3.0407889240694095e-24 1.1071363515612883e-21 0 1.1071363515612883e-21 305.51117174686186 0.00020957252596085789 0
0.54499999999999982 0.55499999999999994 0.54999999999999982 2.1976642327207296e-24 3.5805998053024566e-22 0 3.5805998053024566e-22 303.03235096648058 0.00020957252596085787 0
0.55499999999999994 0.56499999999999995 0.55999999999999994 1.843957375632021e-24 1.7874433211274398e-22 0 1.7874433211274398e-22 300.9782892216536 0.00020957252596085787 0
0.56499999999999995 0.57499999999999984 0.56999999999999984 1.7229586254362917e-24 1.0261979541663338e-22 0 1.0261979541663338e-22 299.74262045309058 0.00020957252596085784 0
0.57499999999999984 0.58499999999999996 0.57999999999999985 1.6275340538837114e-24 4.9500605781042977e-23 0 4.9500605781042977e-23 298.54311758995715 0.00020957252596085787 0
0.58499999999999996 0.59499999999999997 0.58999999999999997 1.5769836561888108e-24 1.7985180531389503e-23 0 1.7985180531389503e-23 298.10347004500619 0.00020957252596085787 0
0.59499999999999997 0.60499999999999987 0.59999999999999987 1.5091720464243743e-24 2.8018420481851278e-23 0 2.8018420481851278e-23 297.48448575618954 0.00020957252596085784 0
0.60499999999999987 0.61499999999999988 0.60999999999999988 1.4416190649793852e-24 2.4268842614602481e-23 0 2.4268842614602481e-23 296.69890506132361 0.00020957252596085789 0
0.61499999999999988 0.62499999999999989 0.61999999999999988 1.3760561925086661e-24 8.1385447548544393e-24 0 8.1385447548544393e-24 296.54145713445439 0.00020957252596085787 0
0.62499999999999989 0.6349999999999999 0.62999999999999989 1.3260436985319076e-24 9.7945756340937369e-24 0 9.7945756340937369e-24 295.94707390065849 0.00020957252596085787 0
0.6349999999999999 0.64499999999999991 0.6399999999999999 1.2991176815676304e-24 0 0 0 296.03438617401662 0.00020957252596085789 0
0.64499999999999991 0.6549999999999998 0.64999999999999991 1.2884163207973629e-24 0 0 0 296.03438617401667 0.00020957252596085784 0
0.6549999999999998 0.66499999999999992 0.65999999999999992 1.2821623504750969e-24 4.8015447197460991e-24 0 4.8015447197460991e-24 295.94822596965633 0.00020957252596085787 0
0.66499999999999992 0.67499999999999982 0.66999999999999993 1.2694216302196418e-24 7.6694828959054602e-24 0 7.6694828959054602e-24 295.51426238930594 0.00020957252596085784 0
0.67499999999999982 0.68499999999999983 0.67999999999999983 1.2697515326775012e-24 3.3218345724722994e-24 0 3.3218345724722994e-24 295.44692852060842 0.00020957252596085787 0
0.68499999999999983 0.69499999999999995 0.68999999999999995 1.2760701614531324e-24 4.2400825500125292e-25 0 4.2400825500125292e-25 295.56588110857746 0.00020957252596085787 0
0.69499999999999995 0.70499999999999985 0.69999999999999996 1.2829982510228193e-24 3.4317193337732726e-26 0 3.4317193337732726e-26 295.49258139217125 0.00020957252596085784 0
0.70499999999999985 0.71499999999999986 0.70999999999999985 1.2886810139597302e-24 2.4406441856122833e-26 0 2.4406441856122833e-26 295.10452845204117 0.00020957252596085789 0
0.71499999999999986 0.72499999999999987 0.71999999999999986 1.2904167943057305e-24 4.7882240743102067e-28 0 4.7882240743102067e-28 295.08087008343256 0.00020957252596085789 0
0.72499999999999987 0.73499999999999988 0.72999999999999987 1.2894924237239299e-24 1.9126431356651883e-31 0 1.9126431356651883e-31 295.08087008343267 0.00020957252596085787 0
0.73499999999999988 0.74499999999999988 0.73999999999999988 1.2876335748785447e-24 0 0 0 295.08087008343261 0.00020957252596085787 0
0.74499999999999988 0.75499999999999989 0.74999999999999989 1.2864759338909705e-24 0 0 0 295.08087008343261 0.00020957252596085787 0
0.75499999999999989 0.7649999999999999 0.7599999999999999 1.287110564772383e-24 0 0 0 295.08087008343256 0.00020957252596085787 0
0.7649999999999999 0.77499999999999991 0.76999999999999991 1.2895042775041006e-24 0 0 0 295.08087008343261 0.00020957252596085787 0
0.77499999999999991 0.78499999999999981 0.7799999999999998 1.2926429496358888e-24 0 0 0 295.08087008343256 0.00020957252596085789 0
0.78499999999999981 0.79499999999999982 0.78999999999999981 1.2948023604093398e-24 0 0 0 295.08087008343261 0.00020957252596085787 0
0.79499999999999982 0.80499999999999994 0.79999999999999982 1.2944454861996235e-24 0 0 0 295.08087008343261 0.00020957252596085787 0
0.80499999999999994 0.81499999999999984 0.80999999999999983 1.2905774564772371e-24 0 0 0 295.08087008343267 0.00020957252596085784 0
0.81499999999999984 0.82499999999999984 0.81999999999999984 1.2833630644322601e-24 0 0 0 295.08087008343256 0.00020957252596085789 0
0.82499999999999984 0.83499999999999974 0.82999999999999985 1.2735802201632814e-24 0 0 0 295.08087008343267 0.00020957252596085784 0
0.83499999999999974 0.84499999999999986 0.83999999999999986 1.2628637021757617e-24 0 0 0 295.08087008343261 0.00020957252596085787 0
0.84499999999999986 0.85499999999999987 0.84999999999999987 1.2529602545526166e-24 0 0 0 295.08087008343256 0.00020957252596085789 0
0.85499999999999987 0.86499999999999977 0.85999999999999988 1.2452085171610884e-24 0 0 0 295.08087008343267 0.00020957252596085784 0
0.86499999999999977 0.87499999999999989 0.86999999999999988 1.2409737565854864e-24 0 0 0 295.08087008343261 0.00020957252596085787 0
0.87499999999999989 0.8849999999999999 0.87999999999999989 1.2406463020065707e-24 0 0 0 295.08087008343261 0.00020957252596085787 0
0.8849999999999999 0.8949999999999998 0.8899999999999999 1.2443307289147615e-24 0 0 0 295.08087008343267 0.00020957252596085784 0
0.8949999999999998 0.9049999999999998 0.8999999999999998 1.2514435241291637e-24 0 0 0 295.08087008343261 0.00020957252596085787 0
0.9049999999999998 0.91499999999999992 0.90999999999999992 1.261327084874642e-24 0 0 0 295.08087008343256 0.00020957252596085789 0
0.91499999999999992 0.92499999999999982 0.91999999999999993 1.2724505997912041e-24 0 0 0 295.08087008343261 0.00020957252596085784 0
0.92499999999999982 0.93499999999999983 0.92999999999999983 1.283646130482935e-24 0 0 0 295.08087008343261 0.00020957252596085787 0
0.93499999999999983 0.94499999999999984 0.93999999999999984 1.2934682120190477e-24 0 0 0 295.08087008343256 0.00020957252596085787 0
0.94499999999999984 0.95499999999999985 0.94999999999999984 1.300552309444878e-24 0 0 0 295.08087008343261 0.00020957252596085787 0
0.95499999999999985 0.96499999999999986 0.95999999999999985 1.3041438970711253e-24 0 0 0 295.08087008343256 0.00020957252596085789 0
0.96499999999999986 0.97499999999999976 0.96999999999999975 1.3036734058806654e-24 0 0 0 295.08087008343261 0.00020957252596085789 0
0.97499999999999976 0.98499999999999988 0.97999999999999976 1.29929198173678e-24 0 0 0 295.08087008343267 0.00020957252596085787 0
0.98499999999999988 0.99499999999999977 0.98999999999999977 1.2914386808918266e-24 0 0 0 295.08087008343267 0.00020957252596085784 0
0.99499999999999977 1.0049999999999999 0.99999999999999978 1.2812095701665287e-24 0 0 0 295.08087008343256 0.00020957252596085789 0
1.0049999999999999 1.0149999999999999 1.0099999999999998 1.2694206377190839e-24 0 0 0 295.08087008343261 0.00020957252596085787 0
1.0149999999999999 1.0249999999999999 1.02 1.2574189928476941e-24 0 0 0 295.08087008343261 0.00020957252596085787 0
1.0249999999999999 1.0349999999999999 1.0299999999999998 1.2460888979258298e-24 0 0 0 295.08087008343256 0.00020957252596085789 0
1.0349999999999999 1.0449999999999999 1.04 1.2360700201045533e-24 0 0 0 295.08087008343261 0.00020957252596085787 0
1.0449999999999999 1.0549999999999999 1.0499999999999998 1.2281484353527874e-24 0 0 0 295.08087008343261 0.00020957252596085787 0
1.0549999999999999 1.0649999999999997 1.0599999999999998 1.2224256433540199e-24 0 0 0 295.08087008343256 0.00020957252596085789 0
1.0649999999999997 1.075 1.0699999999999998 1.21920213891942e-24 0 0 0 295.08087008343256 0.00020957252596085789 0
1.075 1.085 1.0800000000000001 1.2184868369481055e-24 0 0 0 295.08087008343256 0.00020957252596085787 0
1.085 1.0949999999999998 1.0899999999999999 1.2203102833068246e-24 0 0 0 295.08087008343261 0.00020957252596085784 0
1.0949999999999998 1.105 1.0999999999999999 1.2245351284983829e-24 0 0 0 295.08087008343261 0.00020957252596085787 0
1.105 1.115 1.1099999999999999 1.2311029520863599e-24 0 0 0 295.08087008343261 0.00020957252596085787 0
1.115 1.1249999999999998 1.1199999999999999 1.2397749925704864e-24 0 0 0 295.08087008343261 0.00020957252596085784 0
1.1249999999999998 1.135 1.1299999999999999 1.2501554832306561e-24 0 0 0 295.08087008343261 0.00020957252596085787 0
1.135 1.145 1.1400000000000001 1.2621935594836496e-24 0 0 0 295.08087008343256 0.00020957252596085789 0
1.145 1.1549999999999998 1.1499999999999999 1.2750589634443749e-24 0 0 0 295.08087008343261 0.00020957252596085789 0
1.1549999999999998 1.165 1.1599999999999999 1.2886443326537456e-24 0 0 0 295.08087008343261 0.00020957252596085787 0
1.165 1.175 1.1699999999999999 1.3025133590429583e-24 0 0 0 295.08087008343261 0.00020957252596085787 0
1.175 1.1849999999999998 1.1799999999999999 1.3161646994736178e-24 0 0 0 295.08087008343256 0.00020957252596085789 0
1.1849999999999998 1.1950000000000001 1.1899999999999999 1.3297193479142155e-24 0 0 0 295.08087008343256 0.00020957252596085787 0
1.1950000000000001 1.2049999999999998 1.2 1.3425940374618513e-24 0 0 0 295.08087008343261 0.00020957252596085784 0
1.2049999999999998 1.2149999999999999 1.21 1.3548893255272386e-24 0 0 0 295.08087008343256 0.00020957252596085789 0
1.2149999999999999 1.2249999999999999 1.2199999999999998 1.3664748432341158e-24 0 0 0 295.08087008343261 0.00020957252596085787 0
1.2249999999999999 1.2349999999999999 1.23 1.3769484557590587e-24 0 0 0 295.08087008343261 0.00020957252596085787 0
1.2349999999999999 1.2449999999999999 1.2399999999999998 1.386289622895736e-24 0 0 0 295.08087008343261 0.00020957252596085789 0
1.2449999999999999 1.2549999999999999 1.25 6.9589791964603329e-25 0 0 0 295.08087008343261 0.00010478626298043125 0
