# axial profiles of the pair BiI3_g -> BiI3_s, bin set native (rhoFixedFlowFoam, axialProfiles.H)
# time 60.000000000027363 directory 60 reason write time
# molarMass 0.58969380999999998
# axis (1 0 0) origin (0 0 0)
# nBins 126
# inventory gas 2.4599221169879175e-14 wall 9.0144033599341261e-12 sample 0
# binned gas 2.4599221169879166e-14 wall 9.0144033599341261e-12 sample 0
# outside gas 0 wall 0 sample 0
# observable wall
# fraction 0.001
# significance 1e-13 minimumAmount 9.0390025811040058e-25
# Tdep fromInlet status found T 451.7686088822789 x 0.62000999999999984 peak 5.6618064254534606e-10 xPeak 0.62999999999999989 threshold 5.6618064254534612e-13 searchFrom 0.02
# Tdep fromPeak status found T 451.7686088822789 x 0.62000999999999984 peak 5.6618064254534606e-10 xPeak 0.62999999999999989 threshold 5.6618064254534612e-13
# Tpeak 425.91694283199405 K at x 0.62999999999999989 m; bin maximum of observable
# columns x_lo x_hi x gas wall sample observable Twall wallArea sampleGas
# units m m m mol/m mol/m mol/m mol/m K m2/m mol/m
-0.0050000000000000001 0.0049999999999999984 -8.6736173798840355e-19 2.5668820699459415e-105 0 0 0 1154.5623673618734 0.00010915235727128012 0
0.0049999999999999984 0.014999999999999996 0.0099999999999999967 7.422963664352793e-96 0 0 0 1154.5623673618734 0.00021830471454256024 0
0.014999999999999996 0.024999999999999994 0.019999999999999997 5.1703659562816809e-86 0 0 0 1144.5108078203718 0.00021830471454256024 0
0.024999999999999994 0.034999999999999996 0.029999999999999995 4.2798511516229025e-76 0 0 0 1114.1236691303659 0.00021830471454256027 0
0.034999999999999996 0.044999999999999991 0.039999999999999994 2.8657936523778219e-66 0 0 0 1080.7213787256435 0.0002183047145425603 0
0.044999999999999991 0.054999999999999993 0.049999999999999989 8.7882805526102955e-57 0 0 0 1058.0104741340567 0.00021830471454256027 0
0.054999999999999993 0.064999999999999988 0.059999999999999991 7.2486612725153603e-48 0 0 0 1055.6441320691104 0.0002183047145425603 0
0.064999999999999988 0.074999999999999983 0.069999999999999979 1.0859342963060579e-37 0 0 0 1065.3458043246985 0.0002183047145425603 0
0.074999999999999983 0.084999999999999978 0.079999999999999988 9.0236431140210074e-29 0 0 0 1081.6040502867154 0.00021830471454256032 0
0.084999999999999978 0.094999999999999973 0.089999999999999969 1.5307483183883381e-22 0 0 0 1098.6922872432781 0.0002183047145425603 0
0.094999999999999973 0.10499999999999998 0.099999999999999978 3.6015234217249458e-21 0 0 0 1112.0343765338403 0.00021830471454256027 0
0.10499999999999998 0.11499999999999998 0.10999999999999999 4.9563659302073958e-21 0 0 0 1118.9598732889278 0.00021830471454256032 0
0.11499999999999998 0.12499999999999997 0.11999999999999997 4.498592362727612e-21 0 0 0 1122.5884717651138 0.00021830471454256032 0
0.12499999999999997 0.13499999999999998 0.12999999999999998 4.4414421130535169e-21 0 0 0 1123.0807074672628 0.00021830471454256032 0
0.13499999999999998 0.14499999999999999 0.13999999999999999 4.8643405966701422e-21 0 0 0 1119.5232529839343 0.00021830471454256027 0
0.14499999999999999 0.15499999999999997 0.14999999999999997 5.7306102559370758e-21 0 0 0 1113.2098551978199 0.00021830471454256035 0
0.15499999999999997 0.16499999999999995 0.15999999999999998 7.548084693586876e-21 0 0 0 1101.9840509337673 0.0002183047145425603 0
0.16499999999999995 0.17499999999999996 0.16999999999999996 1.0609157201083673e-20 0 0 0 1087.5749486289301 0.00021830471454256032 0
0.17499999999999996 0.18499999999999997 0.17999999999999997 1.3964973302046166e-20 0 0 0 1075.2056681650924 0.00021830471454256032 0
0.18499999999999997 0.19499999999999995 0.18999999999999995 1.838766736543431e-20 0 0 0 1061.7673229649449 0.0002183047145425603 0
0.19499999999999995 0.20499999999999993 0.19999999999999996 2.4116651072970555e-20 0 0 0 1047.1512474441799 0.0002183047145425603 0
0.20499999999999993 0.21499999999999997 0.20999999999999996 2.8926637818027381e-20 0 0 0 1036.5145153186893 0.00021830471454256035 0
0.21499999999999997 0.22499999999999998 0.21999999999999997 3.3518557693601083e-20 0 0 0 1027.3020557338543 0.00021830471454256032 0
0.22499999999999998 0.23499999999999996 0.22999999999999998 3.8162073781433433e-20 0 0 0 1018.5426309973923 0.0002183047145425603 0
0.23499999999999996 0.24499999999999994 0.23999999999999994 4.2925011407164386e-20 0 0 0 1009.9178674835873 0.0002183047145425603 0
0.24499999999999994 0.25499999999999995 0.24999999999999994 4.7578720220940212e-20 0 0 0 1001.8668096865016 0.00021830471454256038 0
0.25499999999999995 0.26499999999999996 0.25999999999999995 5.2037297366929798e-20 0 0 0 994.43136052432794 0.00021830471454256032 0
0.26499999999999996 0.27499999999999997 0.26999999999999996 5.7232493090740416e-20 0 0 0 985.83260226609343 0.00021830471454256027 0
0.27499999999999997 0.28499999999999992 0.27999999999999992 6.3716056391949139e-20 0 0 0 975.11795909633599 0.0002183047145425603 0
0.28499999999999992 0.29499999999999998 0.28999999999999992 7.0785361765851576e-20 0 0 0 963.38307755524283 0.0002183047145425603 0
0.29499999999999998 0.30499999999999994 0.29999999999999993 7.9678396460238232e-20 0 0 0 947.56612575643885 0.0002183047145425603 0
0.30499999999999994 0.31499999999999995 0.30999999999999994 8.7513470163776748e-20 0 0 0 931.10679671738114 0.00021830471454256027 0
0.31499999999999995 0.3249999999999999 0.31999999999999995 9.2722492031139386e-20 0 0 0 914.49725927458439 0.0002183047145425603 0
0.3249999999999999 0.33499999999999991 0.3299999999999999 9.4179279269028195e-20 0 0 0 899.33417849179295 0.00021830471454256027 0
0.33499999999999991 0.34499999999999997 0.33999999999999997 9.226562468183064e-20 0 0 0 886.44846090802935 0.00021830471454256035 0
0.34499999999999997 0.35499999999999993 0.34999999999999998 8.7446154879630405e-20 0 0 0 873.99130499003877 0.0002183047145425603 0
0.35499999999999993 0.36499999999999994 0.35999999999999993 7.7906694648456764e-20 0 0 0 858.61979708738193 0.00021830471454256027 0
0.36499999999999994 0.37499999999999994 0.36999999999999994 6.6222935821748442e-20 0 0 0 844.0987172832647 0.00021830471454256032 0
0.37499999999999994 0.38499999999999995 0.37999999999999995 5.5473888286902113e-20 0 0 0 831.8220707404364 0.00021830471454256027 0
0.38499999999999995 0.39499999999999991 0.3899999999999999 4.4912109093569734e-20 0 0 0 819.43901783468243 0.0002183047145425603 0
0.39499999999999991 0.40499999999999992 0.39999999999999991 3.3854639801683289e-20 0 0 0 804.62469119524451 0.00021830471454256027 0
0.40499999999999992 0.41499999999999987 0.40999999999999992 2.7795136423806425e-20 0 0 0 788.6314821464988 0.00021830471454256027 0
0.41499999999999987 0.42499999999999993 0.41999999999999993 3.2080969785153008e-20 0 0 0 773.11068376791172 0.00021830471454256035 0
0.42499999999999993 0.43499999999999994 0.42999999999999994 3.9892934302219154e-20 0 0 0 757.54454364048991 0.00021830471454256027 0
0.43499999999999994 0.4449999999999999 0.43999999999999995 5.0136581003614268e-20 0 0 0 742.61475450869614 0.0002183047145425603 0
0.4449999999999999 0.45499999999999996 0.44999999999999996 6.3791662160527577e-20 0 0 0 727.37672687829354 0.0002183047145425603 0
0.45499999999999996 0.46499999999999991 0.45999999999999996 8.0050502621124348e-20 0 0 0 712.67953792875528 0.0002183047145425603 0
0.46499999999999991 0.47499999999999992 0.46999999999999992 1.0021777880464412e-19 0 0 0 698.53032459880899 0.00021830471454256032 0
0.47499999999999992 0.48499999999999988 0.47999999999999987 1.2054100642155938e-19 0 0 0 682.97998816905067 0.0002183047145425603 0
0.48499999999999988 0.49499999999999988 0.48999999999999988 1.5019910691613209e-19 0 0 0 668.29555542856451 0.00021830471454256027 0
0.49499999999999988 0.50499999999999989 0.49999999999999989 1.8755619498305044e-19 0 0 0 655.53724296627047 0.00021830471454256027 0
0.50499999999999989 0.5149999999999999 0.5099999999999999 2.2003035265825395e-19 0 0 0 641.7275789750023 0.00021830471454256027 0
0.5149999999999999 0.52499999999999991 0.51999999999999991 2.9387516661348794e-19 0 0 0 627.35435166346383 0.00021830471454256027 0
0.52499999999999991 0.53499999999999992 0.52999999999999992 9.1623415144882259e-19 0 0 0 613.15034618929553 0.00021830471454256027 0
0.53499999999999992 0.54499999999999982 0.53999999999999981 6.3593813439811394e-18 0 0 0 597.04983003887287 0.0002183047145425603 0
0.54499999999999982 0.55499999999999994 0.54999999999999982 1.3272150649412887e-16 0 0 0 580.09802833988613 0.00021830471454256032 0
0.55499999999999994 0.56499999999999995 0.55999999999999994 3.7676648422717047e-16 0 0 0 560.73800869032243 0.00021830471454256027 0
0.56499999999999995 0.57499999999999984 0.56999999999999984 8.3326740143477982e-16 0 0 0 544.26716365864627 0.00021830471454256032 0
0.57499999999999984 0.58499999999999996 0.57999999999999985 1.5151838481341566e-15 0 0 0 526.08363293637183 0.00021830471454256027 0
0.58499999999999996 0.59499999999999997 0.58999999999999997 7.9350724716937594e-15 0 0 0 508.81949603586366 0.00021830471454256027 0
0.59499999999999997 0.60499999999999987 0.59999999999999987 5.5405531732558246e-14 0 0 0 490.15542922814188 0.00021830471454256032 0
0.60499999999999987 0.61499999999999988 0.60999999999999988 3.6345490776341143e-13 0 0 0 470.91532464062931 0.00021830471454256027 0
0.61499999999999988 0.62499999999999989 0.61999999999999988 1.0632772659546757e-12 0 0 0 451.79448642587278 0.00021830471454256027 0
0.62499999999999989 0.6349999999999999 0.62999999999999989 8.6679316283837311e-13 5.6618064254534606e-10 0 5.6618064254534606e-10 425.91694283199405 0.00021830471454256027 0
0.6349999999999999 0.64499999999999991 0.6399999999999999 9.5397582077063464e-14 3.1184851936807438e-10 0 3.1184851936807438e-10 392.99291483300613 0.00021830471454256032 0
0.64499999999999991 0.6549999999999998 0.64999999999999991 4.6073211088186255e-15 2.2613053020046232e-11 0 2.2613053020046232e-11 359.73075246955591 0.0002183047145425603 0
0.6549999999999998 0.66499999999999992 0.65999999999999992 1.6442969038003808e-16 7.6868475332872516e-13 0 7.6868475332872516e-13 335.19706043054686 0.00021830471454256032 0
0.66499999999999992 0.67499999999999982 0.66999999999999993 9.1507730921429458e-18 2.6293875938775508e-14 0 2.6293875938775508e-14 321.46834789246873 0.0002183047145425603 0
0.67499999999999982 0.68499999999999983 0.67999999999999983 1.8524077941295866e-18 2.4294852044658394e-15 0 2.4294852044658394e-15 312.85332375747225 0.00021830471454256027 0
0.68499999999999983 0.69499999999999995 0.68999999999999995 6.7023949478804278e-19 4.9036239337826232e-16 0 4.9036239337826232e-16 307.19312245452346 0.00021830471454256032 0
0.69499999999999995 0.70499999999999985 0.69999999999999996 4.425769102111519e-19 7.0846580567320383e-17 0 7.0846580567320383e-17 305.20102137846635 0.0002183047145425603 0
0.70499999999999985 0.71499999999999986 0.70999999999999985 3.3461002083859687e-19 4.9277975826145699e-17 0 4.9277975826145699e-17 303.50044114136358 0.00021830471454256032 0
0.71499999999999986 0.72499999999999987 0.71999999999999986 2.6465574702918383e-19 3.4008077344937443e-17 0 3.4008077344937443e-17 302.16923163725647 0.00021830471454256027 0
0.72499999999999987 0.73499999999999988 0.72999999999999987 2.0912116758176148e-19 2.24842281595589e-17 0 2.24842281595589e-17 300.91658754420752 0.00021830471454256027 0
0.73499999999999988 0.74499999999999988 0.73999999999999988 1.730661650416069e-19 1.5891101299566701e-17 0 1.5891101299566701e-17 299.81639555370418 0.00021830471454256027 0
0.74499999999999988 0.75499999999999989 0.74999999999999989 1.3614365133180476e-19 2.2462301069090351e-17 0 2.2462301069090351e-17 298.38813506979028 0.00021830471454256027 0
0.75499999999999989 0.7649999999999999 0.7599999999999999 1.21936449100031e-19 4.6540969172899583e-18 0 4.6540969172899583e-18 298.05946700308215 0.00021830471454256027 0
0.7649999999999999 0.77499999999999991 0.76999999999999991 1.1983092418510381e-19 4.3540870621975619e-20 0 4.3540870621975619e-20 298.20370095604238 0.00021830471454256027 0
0.77499999999999991 0.78499999999999981 0.7799999999999998 1.1880931961986176e-19 5.0072001215297571e-19 0 5.0072001215297571e-19 297.73836443468707 0.00021830471454256032 0
0.78499999999999981 0.79499999999999982 0.78999999999999981 1.1522101373026968e-19 2.4144579464471962e-18 0 2.4144579464471962e-18 297.65517528099844 0.00021830471454256027 0
0.79499999999999982 0.80499999999999994 0.79999999999999982 1.1435225537609037e-19 0 0 0 297.73836443468707 0.00021830471454256032 0
0.80499999999999994 0.81499999999999984 0.80999999999999983 1.1435202175422695e-19 0 0 0 297.73836443468718 0.0002183047145425603 0
0.81499999999999984 0.82499999999999984 0.81999999999999984 1.1435200807347893e-19 0 0 0 297.73836443468707 0.00021830471454256027 0
0.82499999999999984 0.83499999999999974 0.82999999999999985 1.1435199617903415e-19 0 0 0 297.73836443468713 0.0002183047145425603 0
0.83499999999999974 0.84499999999999986 0.83999999999999986 1.1435198429190576e-19 0 0 0 297.73836443468713 0.00021830471454256032 0
0.84499999999999986 0.85499999999999987 0.84999999999999987 1.143519724047787e-19 0 0 0 297.73836443468713 0.00021830471454256027 0
0.85499999999999987 0.86499999999999977 0.85999999999999988 1.1435196051791109e-19 0 0 0 297.73836443468718 0.0002183047145425603 0
0.86499999999999977 0.87499999999999989 0.86999999999999988 1.1435194863071919e-19 0 0 0 297.73836443468713 0.00021830471454256032 0
0.87499999999999989 0.8849999999999999 0.87999999999999989 1.1435193674395072e-19 0 0 0 297.73836443468713 0.00021830471454256027 0
0.8849999999999999 0.8949999999999998 0.8899999999999999 1.1435192485681299e-19 0 0 0 297.73836443468713 0.0002183047145425603 0
0.8949999999999998 0.9049999999999998 0.8999999999999998 1.1435191294991305e-19 0 0 0 297.73836443468707 0.00021830471454256027 0
0.9049999999999998 0.91499999999999992 0.90999999999999992 1.1435190099228217e-19 0 0 0 297.73836443468713 0.00021830471454256027 0
0.91499999999999992 0.92499999999999982 0.91999999999999993 1.1435188910553599e-19 0 0 0 297.73836443468713 0.0002183047145425603 0
0.92499999999999982 0.93499999999999983 0.92999999999999983 1.1435187721855041e-19 0 0 0 297.73836443468707 0.00021830471454256032 0
0.93499999999999983 0.94499999999999984 0.93999999999999984 1.1435186533169695e-19 0 0 0 297.73836443468718 0.00021830471454256024 0
0.94499999999999984 0.95499999999999985 0.94999999999999984 1.1435185344476248e-19 0 0 0 297.73836443468713 0.00021830471454256027 0
0.95499999999999985 0.96499999999999986 0.95999999999999985 1.1435184155786521e-19 0 0 0 297.73836443468713 0.00021830471454256032 0
0.96499999999999986 0.97499999999999976 0.96999999999999975 1.1435182967096685e-19 0 0 0 297.73836443468718 0.0002183047145425603 0
0.97499999999999976 0.98499999999999988 0.97999999999999976 1.1435181778410786e-19 0 0 0 297.73836443468713 0.00021830471454256032 0
0.98499999999999988 0.99499999999999977 0.98999999999999977 1.14351805897288e-19 0 0 0 297.73836443468713 0.0002183047145425603 0
0.99499999999999977 1.0049999999999999 0.99999999999999978 1.1435179401047472e-19 0 0 0 297.73836443468701 0.00021830471454256032 0
1.0049999999999999 1.0149999999999999 1.0099999999999998 1.1435178212365376e-19 0 0 0 297.73836443468707 0.00021830471454256027 0
1.0149999999999999 1.0249999999999999 1.02 1.1435177023679667e-19 0 0 0 297.73836443468713 0.00021830471454256027 0
1.0249999999999999 1.0349999999999999 1.0299999999999998 1.1435175834996428e-19 0 0 0 297.73836443468707 0.00021830471454256027 0
1.0349999999999999 1.0449999999999999 1.04 1.1435174643291373e-19 0 0 0 297.73836443468701 0.00021830471454256032 0
1.0449999999999999 1.0549999999999999 1.0499999999999998 1.1435173448562593e-19 0 0 0 297.73836443468713 0.00021830471454256027 0
1.0549999999999999 1.0649999999999997 1.0599999999999998 1.1435172259881225e-19 0 0 0 297.73836443468713 0.0002183047145425603 0
1.0649999999999997 1.075 1.0699999999999998 1.1435171071202504e-19 0 0 0 297.73836443468713 0.0002183047145425603 0
1.075 1.085 1.0800000000000001 1.1435169882521855e-19 0 0 0 297.73836443468713 0.00021830471454256027 0
1.085 1.0949999999999998 1.0899999999999999 1.1435168693838909e-19 0 0 0 297.73836443468713 0.0002183047145425603 0
1.0949999999999998 1.105 1.0999999999999999 1.1435167505154954e-19 0 0 0 297.73836443468718 0.00021830471454256027 0
1.105 1.115 1.1099999999999999 1.1435166316470714e-19 0 0 0 297.73836443468713 0.00021830471454256032 0
1.115 1.1249999999999998 1.1199999999999999 1.1435165127782953e-19 0 0 0 297.73836443468713 0.0002183047145425603 0
1.1249999999999998 1.135 1.1299999999999999 1.1435163939095881e-19 0 0 0 297.73836443468713 0.0002183047145425603 0
1.135 1.145 1.1400000000000001 1.1435162750417454e-19 0 0 0 297.73836443468713 0.00021830471454256027 0
1.145 1.1549999999999998 1.1499999999999999 1.143516156174544e-19 0 0 0 297.73836443468713 0.0002183047145425603 0
1.1549999999999998 1.165 1.1599999999999999 1.1435160373075285e-19 0 0 0 297.73836443468713 0.0002183047145425603 0
1.165 1.175 1.1699999999999999 1.143515918440084e-19 0 0 0 297.73836443468713 0.00021830471454256032 0
1.175 1.1849999999999998 1.1799999999999999 1.1435157991695999e-19 0 0 0 297.73836443468713 0.0002183047145425603 0
1.1849999999999998 1.1950000000000001 1.1899999999999999 1.1435156797986547e-19 0 0 0 297.73836443468718 0.0002183047145425603 0
1.1950000000000001 1.2049999999999998 1.2 1.1435155609316276e-19 0 0 0 297.73836443468707 0.00021830471454256035 0
1.2049999999999998 1.2149999999999999 1.21 1.143515442064263e-19 0 0 0 297.73836443468713 0.00021830471454256027 0
1.2149999999999999 1.2249999999999999 1.2199999999999998 1.1435153231966389e-19 0 0 0 297.73836443468707 0.00021830471454256032 0
1.2249999999999999 1.2349999999999999 1.23 1.1435152043290747e-19 0 0 0 297.73836443468713 0.00021830471454256027 0
1.2349999999999999 1.2449999999999999 1.2399999999999998 1.1435150854618218e-19 0 0 0 297.73836443468713 0.00021830471454256032 0
1.2449999999999999 1.2549999999999999 1.25 5.7175749973102189e-20 0 0 0 297.73836443468718 0.00010915235727128256 0
