# axial profiles of the pair element_I -> I, bin set native (rhoFixedFlowFoam, axialProfiles.H)
# time 60.000000000027363 directory 60 reason write time
# molarMass 1
# axis (1 0 0) origin (0 0 0)
# nBins 126
# inventory gas 8.6351116049769608e-12 wall 1.0607455505685492e-10 sample 0
# binned gas 8.6351116049769608e-12 wall 1.060745550568549e-10 sample 0
# outside gas 0 wall 0 sample 0
# observable wall
# fraction 0.001
# significance 1e-13 minimumAmount 1.1470966666183187e-23
# Tdep fromInlet status found T 597.02488618728273 x 0.54001471457254668 peak 3.6137379841762394e-09 xPeak 0.55999999999999994 threshold 3.6137379841762396e-12 searchFrom 0.02
# Tdep fromPeak status found T 597.02488618728273 x 0.54001471457254668 peak 3.6137379841762394e-09 xPeak 0.55999999999999994 threshold 3.6137379841762396e-12
# Tpeak 560.73800869032243 K at x 0.55999999999999994 m; bin maximum of observable
# columns x_lo x_hi x gas wall sample observable Twall wallArea sampleGas
# units m m m mol/m mol/m mol/m mol/m K m2/m mol/m
-0.0050000000000000001 0.0049999999999999984 -8.6736173798840355e-19 1.7141299929251931e-32 0 0 0 1154.5623673618734 0.00010915235727128012 0
0.0049999999999999984 0.014999999999999996 0.0099999999999999967 3.875812207725787e-30 0 0 0 1154.5623673618734 0.00021830471454256024 0
0.014999999999999996 0.024999999999999994 0.019999999999999997 7.3751457825686546e-28 0 0 0 1144.5108078203718 0.00021830471454256024 0
0.024999999999999994 0.034999999999999996 0.029999999999999995 1.3279693282004261e-25 0 0 0 1114.1236691303659 0.00021830471454256027 0
0.034999999999999996 0.044999999999999991 0.039999999999999994 2.2172348065738766e-23 0 0 0 1080.7213787256435 0.0002183047145425603 0
0.044999999999999991 0.054999999999999993 0.049999999999999989 3.4674563775400844e-21 0 0 0 1058.0104741340567 0.00021830471454256027 0
0.054999999999999993 0.064999999999999988 0.059999999999999991 5.2159147059752009e-19 0 0 0 1055.6441320691104 0.0002183047145425603 0
0.064999999999999988 0.074999999999999983 0.069999999999999979 8.9098810850839304e-17 0 0 0 1065.3458043246985 0.0002183047145425603 0
0.074999999999999983 0.084999999999999978 0.079999999999999988 1.649760940357113e-14 0 0 0 1081.6040502867154 0.00021830471454256032 0
0.084999999999999978 0.094999999999999973 0.089999999999999969 2.108728883589461e-12 0 0 0 1098.6922872432781 0.0002183047145425603 0
0.094999999999999973 0.10499999999999998 0.099999999999999978 1.0960629143515025e-11 0 0 0 1112.0343765338403 0.00021830471454256027 0
0.10499999999999998 0.11499999999999998 0.10999999999999999 1.3337294799567685e-11 0 0 0 1118.9598732889278 0.00021830471454256032 0
0.11499999999999998 0.12499999999999997 0.11999999999999997 1.3301281840506915e-11 0 0 0 1122.5884717651138 0.00021830471454256032 0
0.12499999999999997 0.13499999999999998 0.12999999999999998 1.3300584576065621e-11 0 0 0 1123.0807074672628 0.00021830471454256032 0
0.13499999999999998 0.14499999999999999 0.13999999999999999 1.3348374239326168e-11 0 0 0 1119.5232529839343 0.00021830471454256027 0
0.14499999999999999 0.15499999999999997 0.14999999999999997 1.3440133007782183e-11 0 0 0 1113.2098551978199 0.00021830471454256035 0
0.15499999999999997 0.16499999999999995 0.15999999999999998 1.3586217551855425e-11 0 0 0 1101.9840509337673 0.0002183047145425603 0
0.16499999999999995 0.17499999999999996 0.16999999999999996 1.3776596246967484e-11 0 0 0 1087.5749486289301 0.00021830471454256032 0
0.17499999999999996 0.18499999999999997 0.17999999999999997 1.3953396505607296e-11 0 0 0 1075.2056681650924 0.00021830471454256032 0
0.18499999999999997 0.19499999999999995 0.18999999999999995 1.4149520907884307e-11 0 0 0 1061.7673229649449 0.0002183047145425603 0
0.19499999999999995 0.20499999999999993 0.19999999999999996 1.4323961464261023e-11 0 0 0 1047.1512474441799 0.0002183047145425603 0
0.20499999999999993 0.21499999999999997 0.20999999999999996 1.4460379570734505e-11 0 0 0 1036.5145153186893 0.00021830471454256035 0
0.21499999999999997 0.22499999999999998 0.21999999999999997 1.4601193477465837e-11 0 0 0 1027.3020557338543 0.00021830471454256032 0
0.22499999999999998 0.23499999999999996 0.22999999999999998 1.4718634638244866e-11 0 0 0 1018.5426309973923 0.0002183047145425603 0
0.23499999999999996 0.24499999999999994 0.23999999999999994 1.4834969626325251e-11 0 0 0 1009.9178674835873 0.0002183047145425603 0
0.24499999999999994 0.25499999999999995 0.24999999999999994 1.4953992628806987e-11 0 0 0 1001.8668096865016 0.00021830471454256038 0
0.25499999999999995 0.26499999999999996 0.25999999999999995 1.5071769688852097e-11 0 0 0 994.43136052432794 0.00021830471454256032 0
0.26499999999999996 0.27499999999999997 0.26999999999999996 1.5204877399834979e-11 0 0 0 985.83260226609343 0.00021830471454256027 0
0.27499999999999997 0.28499999999999992 0.27999999999999992 1.537406142786681e-11 0 0 0 975.11795909633599 0.0002183047145425603 0
0.28499999999999992 0.29499999999999998 0.28999999999999992 1.558095908780805e-11 0 0 0 963.38307755524283 0.0002183047145425603 0
0.29499999999999998 0.30499999999999994 0.29999999999999993 1.5829629461281942e-11 0 0 0 947.56612575643885 0.0002183047145425603 0
0.30499999999999994 0.31499999999999995 0.30999999999999994 1.6091982234366695e-11 0 0 0 931.10679671738114 0.00021830471454256027 0
0.31499999999999995 0.3249999999999999 0.31999999999999995 1.6367103776770199e-11 0 0 0 914.49725927458439 0.0002183047145425603 0
0.3249999999999999 0.33499999999999991 0.3299999999999999 1.6630047670979586e-11 0 0 0 899.33417849179295 0.00021830471454256027 0
0.33499999999999991 0.34499999999999997 0.33999999999999997 1.6867165093339197e-11 0 0 0 886.44846090802935 0.00021830471454256035 0
0.34499999999999997 0.35499999999999993 0.34999999999999998 1.7106816961095541e-11 0 0 0 873.99130499003877 0.0002183047145425603 0
0.35499999999999993 0.36499999999999994 0.35999999999999993 1.7403019989746981e-11 0 0 0 858.61979708738193 0.00021830471454256027 0
0.36499999999999994 0.37499999999999994 0.36999999999999994 1.7694887270689349e-11 0 0 0 844.0987172832647 0.00021830471454256032 0
0.37499999999999994 0.38499999999999995 0.37999999999999995 1.7955825730208309e-11 0 0 0 831.8220707404364 0.00021830471454256027 0
0.38499999999999995 0.39499999999999991 0.3899999999999999 1.8227264670369288e-11 0 0 0 819.43901783468243 0.0002183047145425603 0
0.39499999999999991 0.40499999999999992 0.39999999999999991 1.8559897191879184e-11 0 0 0 804.62469119524451 0.00021830471454256027 0
0.40499999999999992 0.41499999999999987 0.40999999999999992 1.8934286261123557e-11 0 0 0 788.6314821464988 0.00021830471454256027 0
0.41499999999999987 0.42499999999999993 0.41999999999999993 1.9316206071606403e-11 0 0 0 773.11068376791172 0.00021830471454256035 0
0.42499999999999993 0.43499999999999994 0.42999999999999994 1.9711727030754886e-11 0 0 0 757.54454364048991 0.00021830471454256027 0
0.43499999999999994 0.4449999999999999 0.43999999999999995 2.0108592202808563e-11 0 0 0 742.61475450869614 0.0002183047145425603 0
0.4449999999999999 0.45499999999999996 0.44999999999999996 2.0528266859583584e-11 0 0 0 727.37672687829354 0.0002183047145425603 0
0.45499999999999996 0.46499999999999991 0.45999999999999996 2.0950093155395101e-11 0 0 0 712.67953792875528 0.0002183047145425603 0
0.46499999999999991 0.47499999999999992 0.46999999999999992 2.1373113824362954e-11 0 0 0 698.53032459880899 0.00021830471454256032 0
0.47499999999999992 0.48499999999999988 0.47999999999999987 2.1856940240493102e-11 0 0 0 682.97998816905067 0.0002183047145425603 0
0.48499999999999988 0.49499999999999988 0.48999999999999988 2.2338901861121077e-11 0 0 0 668.29555542856451 0.00021830471454256027 0
0.49499999999999988 0.50499999999999989 0.49999999999999989 2.2776373712025292e-11 0 0 0 655.53724296627047 0.00021830471454256027 0
0.50499999999999989 0.5149999999999999 0.5099999999999999 2.326437287319487e-11 0 0 0 641.7275789750023 0.00021830471454256027 0
0.5149999999999999 0.52499999999999991 0.51999999999999991 2.3794548766693923e-11 0 0 0 627.35435166346383 0.00021830471454256027 0
0.52499999999999991 0.53499999999999992 0.52999999999999992 2.4343776200746487e-11 0 0 0 613.15034618929553 0.00021830471454256027 0
0.53499999999999992 0.54499999999999982 0.53999999999999981 2.4876326938165498e-11 0 0 0 597.04983003887287 0.0002183047145425603 0
0.54499999999999982 0.55499999999999994 0.54999999999999982 2.1721361580194735e-11 2.4558905619936781e-09 0 2.4558905619936781e-09 580.09802833988613 0.00021830471454256032 0
0.55499999999999994 0.56499999999999995 0.55999999999999994 1.2960820768405295e-11 3.6137379841762394e-09 0 3.6137379841762394e-09 560.73800869032243 0.00021830471454256027 0
0.56499999999999995 0.57499999999999984 0.56999999999999984 8.9755835388683971e-12 1.2311188446023552e-09 0 1.2311188446023552e-09 544.26716365864627 0.00021830471454256032 0
0.57499999999999984 0.58499999999999996 0.57999999999999985 7.6522249409204608e-12 5.4057232515773687e-10 0 5.4057232515773687e-10 526.08363293637183 0.00021830471454256027 0
0.58499999999999996 0.59499999999999997 0.58999999999999997 7.3659196048073439e-12 1.6003902478336253e-10 0 1.6003902478336253e-10 508.81949603586366 0.00021830471454256027 0
0.59499999999999997 0.60499999999999987 0.59999999999999987 7.4733376010522016e-12 4.9080714681837081e-11 0 4.9080714681837081e-11 490.15542922814188 0.00021830471454256032 0
0.60499999999999987 0.61499999999999988 0.60999999999999988 7.7318320334070814e-12 1.172715783641632e-11 0 1.172715783641632e-11 470.91532464062931 0.00021830471454256027 0
0.61499999999999988 0.62499999999999989 0.61999999999999988 7.7830669184432431e-12 2.3245506742431158e-12 0 2.3245506742431158e-12 451.79448642587278 0.00021830471454256027 0
0.62499999999999989 0.6349999999999999 0.62999999999999989 4.0861231614078467e-12 1.6171164894536714e-09 0 1.6171164894536714e-09 425.91694283199405 0.00021830471454256027 0
0.6349999999999999 0.64499999999999991 0.6399999999999999 4.2615873715520877e-13 8.6331106841408973e-10 0 8.6331106841408973e-10 392.99291483300613 0.00021830471454256032 0
0.64499999999999991 0.6549999999999998 0.64999999999999991 2.2462688729432929e-14 6.0517754407429966e-11 0 6.0517754407429966e-11 359.73075246955591 0.0002183047145425603 0
0.6549999999999998 0.66499999999999992 0.65999999999999992 8.3914370895550368e-16 1.9458336714249651e-12 0 1.9458336714249651e-12 335.19706043054686 0.00021830471454256032 0
0.66499999999999992 0.67499999999999982 0.66999999999999993 5.5108796549222557e-17 6.4783382667110549e-14 0 6.4783382667110549e-14 321.46834789246873 0.0002183047145425603 0
0.67499999999999982 0.68499999999999983 0.67999999999999983 1.1575977871895638e-17 6.4581514720839646e-15 0 6.4581514720839646e-15 312.85332375747225 0.00021830471454256027 0
0.68499999999999983 0.69499999999999995 0.68999999999999995 4.2555046809673128e-18 1.3504443384303986e-15 0 1.3504443384303986e-15 307.19312245452346 0.00021830471454256032 0
0.69499999999999995 0.70499999999999985 0.69999999999999996 2.8559825816386467e-18 1.8865339758254892e-16 0 1.8865339758254892e-16 305.20102137846635 0.0002183047145425603 0
0.70499999999999985 0.71499999999999986 0.70999999999999985 2.1728663003694777e-18 1.3484248589142967e-16 0 1.3484248589142967e-16 303.50044114136358 0.00021830471454256032 0
0.71499999999999986 0.72499999999999987 0.71999999999999986 1.7396657724024605e-18 9.2908102698129836e-17 0 9.2908102698129836e-17 302.16923163725647 0.00021830471454256027 0
0.72499999999999987 0.73499999999999988 0.72999999999999987 1.3880187890951664e-18 6.1802758154271445e-17 0 6.1802758154271445e-17 300.91658754420752 0.00021830471454256027 0
0.73499999999999988 0.74499999999999988 0.73999999999999988 1.1557463521938926e-18 4.294613302752158e-17 0 4.294613302752158e-17 299.81639555370418 0.00021830471454256027 0
0.74499999999999988 0.75499999999999989 0.74999999999999989 9.1881549097051937e-19 6.1810567120085842e-17 0 6.1810567120085842e-17 298.38813506979028 0.00021830471454256027 0
0.75499999999999989 0.7649999999999999 0.7599999999999999 8.2681810151197057e-19 1.2901281861139871e-17 0 1.2901281861139871e-17 298.05946700308215 0.00021830471454256027 0
0.7649999999999999 0.77499999999999991 0.76999999999999991 8.1358424499782205e-19 1.0638086713247064e-19 0 1.0638086713247064e-19 298.20370095604238 0.00021830471454256027 0
0.77499999999999991 0.78499999999999981 0.7799999999999998 8.0607432195303454e-19 1.2233806449559807e-18 0 1.2233806449559807e-18 297.73836443468707 0.00021830471454256032 0
0.78499999999999981 0.79499999999999982 0.78999999999999981 7.8265018769515538e-19 6.6600130345444253e-18 0 6.6600130345444253e-18 297.65517528099844 0.00021830471454256027 0
0.79499999999999982 0.80499999999999994 0.79999999999999982 7.7769843330309619e-19 0 0 0 297.73836443468707 0.00021830471454256032 0
0.80499999999999994 0.81499999999999984 0.80999999999999983 7.7769670352345498e-19 0 0 0 297.73836443468718 0.0002183047145425603 0
0.81499999999999984 0.82499999999999984 0.81999999999999984 7.7769661925833274e-19 0 0 0 297.73836443468707 0.00021830471454256027 0
0.82499999999999984 0.83499999999999974 0.82999999999999985 7.7769654515897614e-19 0 0 0 297.73836443468713 0.0002183047145425603 0
0.83499999999999974 0.84499999999999986 0.83999999999999986 7.7769647109528824e-19 0 0 0 297.73836443468713 0.00021830471454256032 0
0.84499999999999986 0.85499999999999987 0.84999999999999987 7.7769639703074417e-19 0 0 0 297.73836443468713 0.00021830471454256027 0
0.85499999999999987 0.86499999999999977 0.85999999999999988 7.7769632296674446e-19 0 0 0 297.73836443468718 0.0002183047145425603 0
0.86499999999999977 0.87499999999999989 0.86999999999999988 7.7769624889966664e-19 0 0 0 297.73836443468713 0.00021830471454256032 0
0.87499999999999989 0.8849999999999999 0.87999999999999989 7.7769617483437714e-19 0 0 0 297.73836443468713 0.00021830471454256027 0
0.8849999999999999 0.8949999999999998 0.8899999999999999 7.7769610076568963e-19 0 0 0 297.73836443468713 0.0002183047145425603 0
0.8949999999999998 0.9049999999999998 0.8999999999999998 7.7769602657332091e-19 0 0 0 297.73836443468707 0.00021830471454256027 0
0.9049999999999998 0.91499999999999992 0.90999999999999992 7.7769595206452836e-19 0 0 0 297.73836443468713 0.00021830471454256027 0
0.91499999999999992 0.92499999999999982 0.91999999999999993 7.7769587799727653e-19 0 0 0 297.73836443468713 0.0002183047145425603 0
0.92499999999999982 0.93499999999999983 0.92999999999999983 7.7769580392904132e-19 0 0 0 297.73836443468707 0.00021830471454256032 0
0.93499999999999983 0.94499999999999984 0.93999999999999984 7.7769572986187799e-19 0 0 0 297.73836443468718 0.00021830471454256024 0
0.94499999999999984 0.95499999999999985 0.94999999999999984 7.7769565579455586e-19 0 0 0 297.73836443468713 0.00021830471454256027 0
0.95499999999999985 0.96499999999999986 0.95999999999999985 7.7769558172818312e-19 0 0 0 297.73836443468713 0.00021830471454256032 0
0.96499999999999986 0.97499999999999976 0.96999999999999975 7.7769550766190735e-19 0 0 0 297.73836443468718 0.0002183047145425603 0
0.97499999999999976 0.98499999999999988 0.97999999999999976 7.7769543359604922e-19 0 0 0 297.73836443468713 0.00021830471454256032 0
0.98499999999999988 0.99499999999999977 0.98999999999999977 7.7769535953075827e-19 0 0 0 297.73836443468713 0.0002183047145425603 0
0.99499999999999977 1.0049999999999999 0.99999999999999978 7.7769528546520078e-19 0 0 0 297.73836443468701 0.00021830471454256032 0
1.0049999999999999 1.0149999999999999 1.0099999999999998 7.7769521139961257e-19 0 0 0 297.73836443468707 0.00021830471454256027 0
1.0149999999999999 1.0249999999999999 1.02 7.776951373339843e-19 0 0 0 297.73836443468713 0.00021830471454256027 0
1.0249999999999999 1.0349999999999999 1.0299999999999998 7.7769506326864751e-19 0 0 0 297.73836443468707 0.00021830471454256027 0
1.0349999999999999 1.0449999999999999 1.04 7.7769498901478809e-19 0 0 0 297.73836443468701 0.00021830471454256032 0
1.0449999999999999 1.0549999999999999 1.0499999999999998 7.7769491457243839e-19 0 0 0 297.73836443468713 0.00021830471454256027 0
1.0549999999999999 1.0649999999999997 1.0599999999999998 7.7769484050683063e-19 0 0 0 297.73836443468713 0.0002183047145425603 0
1.0649999999999997 1.075 1.0699999999999998 7.7769476644153824e-19 0 0 0 297.73836443468713 0.0002183047145425603 0
1.075 1.085 1.0800000000000001 7.7769469237605345e-19 0 0 0 297.73836443468713 0.00021830471454256027 0
1.085 1.0949999999999998 1.0899999999999999 7.7769461831052485e-19 0 0 0 297.73836443468713 0.0002183047145425603 0
1.0949999999999998 1.105 1.0999999999999999 7.7769454424493577e-19 0 0 0 297.73836443468718 0.00021830471454256027 0
1.105 1.115 1.1099999999999999 7.7769447017931443e-19 0 0 0 297.73836443468713 0.00021830471454256032 0
1.115 1.1249999999999998 1.1199999999999999 7.7769439611355895e-19 0 0 0 297.73836443468713 0.0002183047145425603 0
1.1249999999999998 1.135 1.1299999999999999 7.7769432204757082e-19 0 0 0 297.73836443468713 0.0002183047145425603 0
1.135 1.145 1.1400000000000001 7.7769424798169988e-19 0 0 0 297.73836443468713 0.00021830471454256027 0
1.145 1.1549999999999998 1.1499999999999999 7.776941739159679e-19 0 0 0 297.73836443468713 0.0002183047145425603 0
1.1549999999999998 1.165 1.1599999999999999 7.7769409985026182e-19 0 0 0 297.73836443468713 0.0002183047145425603 0
1.165 1.175 1.1699999999999999 7.7769402578491801e-19 0 0 0 297.73836443468713 0.00021830471454256032 0
1.175 1.1849999999999998 1.1799999999999999 7.7769395146888514e-19 0 0 0 297.73836443468713 0.0002183047145425603 0
1.1849999999999998 1.1950000000000001 1.1899999999999999 7.7769387709000571e-19 0 0 0 297.73836443468718 0.0002183047145425603 0
1.1950000000000001 1.2049999999999998 1.2 7.7769380302540848e-19 0 0 0 297.73836443468707 0.00021830471454256035 0
1.2049999999999998 1.2149999999999999 1.21 7.7769372896073162e-19 0 0 0 297.73836443468713 0.00021830471454256027 0
1.2149999999999999 1.2249999999999999 1.2199999999999998 7.7769365489602135e-19 0 0 0 297.73836443468707 0.00021830471454256032 0
1.2249999999999999 1.2349999999999999 1.23 7.7769358083105771e-19 0 0 0 297.73836443468713 0.00021830471454256027 0
1.2349999999999999 1.2449999999999999 1.2399999999999998 7.7769350676568174e-19 0 0 0 297.73836443468713 0.00021830471454256032 0
1.2449999999999999 1.2549999999999999 1.25 3.8884672658979219e-19 0 0 0 297.73836443468718 0.00010915235727128256 0
