# axial profiles of the pair PbI2_g -> PbI2_s, bin set native (rhoFixedFlowFoam, axialProfiles.H)
# time 60.000000000027363 directory 60 reason write time
# molarMass 0.46100893999999998
# axis (1 0 0) origin (0 0 0)
# nBins 126
# inventory gas 1.8656872453568805e-12 wall 4.9917864942123009e-11 sample 0
# binned gas 1.8656872453568809e-12 wall 4.9917864942123015e-11 sample 0
# outside gas 0 wall 0 sample 0
# observable wall
# fraction 0.001
# significance 1e-13 minimumAmount 5.178355218747989e-24
# Tdep fromInlet status found T 596.95990501895392 x 0.49001201860398247 peak 2.1730555316310704e-09 xPeak 0.5099999999999999 threshold 2.1730555316310702e-12 searchFrom 0.02
# Tdep fromPeak status found T 596.95990501895392 x 0.49001201860398247 peak 2.1730555316310704e-09 xPeak 0.5099999999999999 threshold 2.1730555316310702e-12
# Tpeak 561.22350948063979 K at x 0.5099999999999999 m; bin maximum of observable
# columns x_lo x_hi x gas wall sample observable Twall wallArea sampleGas
# units m m m mol/m mol/m mol/m mol/m K m2/m mol/m
-0.0050000000000000001 0.0049999999999999984 -8.6736173798840355e-19 5.5839728956819903e-89 0 0 0 1154.3029933481153 0.00010478626298042891 0
0.0049999999999999984 0.014999999999999996 0.0099999999999999967 6.2507557655033716e-81 0 0 0 1154.3029933481153 0.00020957252596085787 0
0.014999999999999996 0.024999999999999994 0.019999999999999997 3.1049670565155624e-71 0 0 0 1136.7073318722453 0.00020957252596085789 0
0.024999999999999994 0.034999999999999996 0.029999999999999995 5.6278329975046765e-62 0 0 0 1106.3707933001788 0.00020957252596085787 0
0.034999999999999996 0.044999999999999991 0.039999999999999994 9.588970022325342e-54 0 0 0 1083.6969031406593 0.00020957252596085784 0
0.044999999999999991 0.054999999999999993 0.049999999999999989 5.888307824405149e-45 0 0 0 1077.8460276460405 0.00020957252596085784 0
0.054999999999999993 0.064999999999999988 0.059999999999999991 2.0665956033948201e-37 0 0 0 1087.4026358280507 0.00020957252596085784 0
0.064999999999999988 0.074999999999999983 0.069999999999999979 9.9833701542775792e-29 0 0 0 1100.1919020724692 0.00020957252596085784 0
0.074999999999999983 0.084999999999999978 0.079999999999999988 3.5195628632213844e-20 0 0 0 1113.1765669812471 0.00020957252596085784 0
0.084999999999999978 0.094999999999999973 0.089999999999999969 8.4875430802121603e-15 0 0 0 1123.4121009213136 0.00020957252596085784 0
0.094999999999999973 0.10499999999999998 0.099999999999999978 1.0268011092292888e-13 0 0 0 1129.0231455444089 0.00020957252596085789 0
0.10499999999999998 0.11499999999999998 0.10999999999999999 1.5597367691485664e-13 0 0 0 1128.8431213226866 0.00020957252596085784 0
0.11499999999999998 0.12499999999999997 0.11999999999999997 1.6655987548568222e-13 0 0 0 1126.1306696464599 0.00020957252596085784 0
0.12499999999999997 0.13499999999999998 0.12999999999999998 1.975583504100526e-13 0 0 0 1118.705382251422 0.00020957252596085787 0
0.13499999999999998 0.14499999999999999 0.13999999999999999 2.4800640066998369e-13 0 0 0 1108.5278517312706 0.00020957252596085787 0
0.14499999999999999 0.15499999999999997 0.14999999999999997 3.2788410509051902e-13 0 0 0 1095.038736126402 0.00020957252596085784 0
0.15499999999999997 0.16499999999999995 0.15999999999999998 4.3676934704472302e-13 0 0 0 1079.6834021034078 0.00020957252596085789 0
0.16499999999999995 0.17499999999999996 0.16999999999999996 5.6845330492500808e-13 0 0 0 1063.8587720556234 0.00020957252596085787 0
0.17499999999999996 0.18499999999999997 0.17999999999999997 6.9660679488569047e-13 0 0 0 1050.3471952189859 0.00020957252596085787 0
0.18499999999999997 0.19499999999999995 0.18999999999999995 8.2845138042747739e-13 0 0 0 1037.6320181134281 0.00020957252596085784 0
0.19499999999999995 0.20499999999999993 0.19999999999999996 9.4319173756176626e-13 0 0 0 1027.4712114747965 0.00020957252596085784 0
0.20499999999999993 0.21499999999999997 0.20999999999999996 1.0606924770120448e-12 0 0 0 1017.5871454321508 0.00020957252596085787 0
0.21499999999999997 0.22499999999999998 0.21999999999999997 1.1786998246384644e-12 0 0 0 1008.1873472261839 0.00020957252596085787 0
0.22499999999999998 0.23499999999999996 0.22999999999999998 1.3071755877710024e-12 0 0 0 998.48635135115615 0.00020957252596085784 0
0.23499999999999996 0.24499999999999994 0.23999999999999994 1.4407389047344764e-12 0 0 0 989.05540733898238 0.00020957252596085789 0
0.24499999999999994 0.25499999999999995 0.24999999999999994 1.599060439431321e-12 0 0 0 978.55989526348685 0.00020957252596085789 0
0.25499999999999995 0.26499999999999996 0.25999999999999995 1.8182945973654768e-12 0 0 0 964.98294017053445 0.00020957252596085787 0
0.26499999999999996 0.27499999999999997 0.26999999999999996 2.1028395524752488e-12 0 0 0 948.89318089947722 0.00020957252596085787 0
0.27499999999999997 0.28499999999999992 0.27999999999999992 2.4232094190429035e-12 0 0 0 932.55974792991196 0.00020957252596085787 0
0.28499999999999992 0.29499999999999998 0.28999999999999992 2.7900025722153222e-12 0 0 0 915.57143692968452 0.00020957252596085787 0
0.29499999999999998 0.30499999999999994 0.29999999999999993 3.2684806149339581e-12 0 0 0 899.07126746536767 0.00020957252596085787 0
0.30499999999999994 0.31499999999999995 0.30999999999999994 3.9327145429008439e-12 0 0 0 883.93117170367498 0.00020957252596085787 0
0.31499999999999995 0.3249999999999999 0.31999999999999995 4.6508429726118715e-12 0 0 0 867.48700991609314 0.00020957252596085787 0
0.3249999999999999 0.33499999999999991 0.3299999999999999 5.2454947882034715e-12 0 0 0 852.66036950047169 0.00020957252596085787 0
0.33499999999999991 0.34499999999999997 0.33999999999999997 5.7842048416213728e-12 0 0 0 838.20745982385222 0.00020957252596085787 0
0.34499999999999997 0.35499999999999993 0.34999999999999998 6.3576426056324318e-12 0 0 0 821.13235638499509 0.00020957252596085787 0
0.35499999999999993 0.36499999999999994 0.35999999999999993 6.8234438685487357e-12 0 0 0 806.06130151197215 0.00020957252596085789 0
0.36499999999999994 0.37499999999999994 0.36999999999999994 7.2715486890650593e-12 0 0 0 789.85367281883305 0.00020957252596085789 0
0.37499999999999994 0.38499999999999995 0.37999999999999995 7.6696912028221937e-12 0 0 0 773.87292495550309 0.00020957252596085787 0
0.38499999999999995 0.39499999999999991 0.3899999999999999 8.0361405119493788e-12 0 0 0 757.1167120860888 0.00020957252596085784 0
0.39499999999999991 0.40499999999999992 0.39999999999999991 8.3510907282398073e-12 0 0 0 741.26019651439037 0.00020957252596085787 0
0.40499999999999992 0.41499999999999987 0.40999999999999992 8.6317734600149984e-12 0 0 0 725.38749858971596 0.00020957252596085787 0
0.41499999999999987 0.42499999999999993 0.41999999999999993 8.8946702982911005e-12 0 0 0 709.03527492536796 0.00020957252596085787 0
0.42499999999999993 0.43499999999999994 0.42999999999999994 9.1361950147536234e-12 0 0 0 693.10514492340894 0.00020957252596085787 0
0.43499999999999994 0.4449999999999999 0.43999999999999995 9.3701138110001032e-12 0 0 0 677.17011501504442 0.00020957252596085787 0
0.4449999999999999 0.45499999999999996 0.44999999999999996 9.6069808320858448e-12 0 0 0 661.17635001636734 0.00020957252596085787 0
0.45499999999999996 0.46499999999999991 0.45999999999999996 9.846907986398904e-12 0 0 0 645.32783677294685 0.00020957252596085787 0
0.46499999999999991 0.47499999999999992 0.46999999999999992 1.00937961315713e-11 0 0 0 629.65891965043409 0.00020957252596085787 0
0.47499999999999992 0.48499999999999988 0.47999999999999987 1.0353768598012724e-11 0 0 0 613.86165470295259 0.00020957252596085787 0
0.48499999999999988 0.49499999999999988 0.48999999999999988 1.0530243604858687e-11 0 0 0 596.98047039968833 0.00020957252596085787 0
0.49499999999999988 0.50499999999999989 0.49999999999999989 7.8871369100075167e-12 1.8080764910595147e-09 0 1.8080764910595147e-09 579.86918129809953 0.00020957252596085787 0
0.50499999999999989 0.5149999999999999 0.5099999999999999 3.0693057893290356e-12 2.1730555316310704e-09 0 2.1730555316310704e-09 561.22350948063979 0.00020957252596085787 0
0.5149999999999999 0.52499999999999991 0.51999999999999991 9.5109920831436352e-13 6.9645774003030992e-10 0 6.9645774003030992e-10 542.37588672043705 0.00020957252596085787 0
0.52499999999999991 0.53499999999999992 0.52999999999999992 3.065291670416728e-13 2.2812469288558456e-10 0 2.2812469288558456e-10 524.47588254988091 0.00020957252596085789 0
0.53499999999999992 0.54499999999999982 0.53999999999999981 7.8313817188997981e-14 6.7039871690170957e-11 0 6.7039871690170957e-11 504.60355410901064 0.00020957252596085789 0
0.54499999999999982 0.55499999999999994 0.54999999999999982 1.5953913837021454e-14 1.5531999946474184e-11 0 1.5531999946474184e-11 483.29888410093213 0.00020957252596085787 0
0.55499999999999994 0.56499999999999995 0.55999999999999994 2.883591262863583e-15 2.9231953881405315e-12 0 2.9231953881405315e-12 462.88389997358166 0.00020957252596085787 0
0.56499999999999995 0.57499999999999984 0.56999999999999984 3.9309112875006941e-16 5.084774486561406e-13 0 5.084774486561406e-13 440.01948296053388 0.00020957252596085784 0
0.57499999999999984 0.58499999999999996 0.57999999999999985 2.6782472260501813e-17 6.4875551059762521e-14 0 6.4875551059762521e-14 411.92624116487224 0.00020957252596085787 0
0.58499999999999996 0.59499999999999997 0.58999999999999997 1.1031447682419724e-18 3.5475076835492343e-15 0 3.5475076835492343e-15 381.33085265090233 0.00020957252596085787 0
0.59499999999999997 0.60499999999999987 0.59999999999999987 2.0732583060070301e-20 7.001260514062411e-17 0 7.001260514062411e-17 352.00287741712896 0.00020957252596085784 0
0.60499999999999987 0.61499999999999988 0.60999999999999988 3.8065668756489939e-22 1.0364500248221961e-18 0 1.0364500248221961e-18 331.23363626080584 0.00020957252596085789 0
0.61499999999999988 0.62499999999999989 0.61999999999999988 1.9267156247502257e-23 2.1656554168728262e-20 0 2.1656554168728262e-20 319.31989116070781 0.00020957252596085787 0
0.62499999999999989 0.6349999999999999 0.62999999999999989 2.9865566978234925e-24 2.3743307447450248e-21 0 2.3743307447450248e-21 310.5887388273963 0.00020957252596085787 0
0.6349999999999999 0.64499999999999991 0.6399999999999999 1.0528031568276367e-24 3.5770270961488874e-22 0 3.5770270961488874e-22 305.98055149289411 0.00020957252596085789 0
0.64499999999999991 0.6549999999999998 0.64999999999999991 5.7722551226576456e-25 9.1256926726747075e-23 0 9.1256926726747075e-23 303.32521226687732 0.00020957252596085784 0
0.6549999999999998 0.66499999999999992 0.65999999999999992 3.2982254410315607e-25 4.4853986819631765e-23 0 4.4853986819631765e-23 300.89631281337523 0.00020957252596085787 0
0.66499999999999992 0.67499999999999982 0.66999999999999993 2.3461417984730937e-25 2.3307031913075657e-23 0 2.3307031913075657e-23 299.50927676053743 0.00020957252596085784 0
0.67499999999999982 0.68499999999999983 0.67999999999999983 1.9917722004968592e-25 8.5157599105729656e-24 0 8.5157599105729656e-24 298.64835046632766 0.00020957252596085787 0
0.68499999999999983 0.69499999999999995 0.68999999999999995 1.5945696876177918e-25 1.0434450187297668e-23 0 1.0434450187297668e-23 297.59676044835737 0.00020957252596085787 0
0.69499999999999995 0.70499999999999985 0.69999999999999996 1.322734092731283e-25 5.7816286240862833e-24 0 5.7816286240862833e-24 296.79961026964531 0.00020957252596085784 0
0.70499999999999985 0.71499999999999986 0.70999999999999985 1.1704187043490031e-25 1.2092050559162006e-24 0 1.2092050559162006e-24 296.33376064948828 0.00020957252596085789 0
0.71499999999999986 0.72499999999999987 0.71999999999999986 1.1412136485267949e-25 1.0772471658126003e-25 0 1.0772471658126003e-25 296.16798540846378 0.00020957252596085789 0
0.72499999999999987 0.73499999999999988 0.72999999999999987 1.0192955252178297e-25 3.58487001014014e-24 0 3.58487001014014e-24 295.82788846866288 0.00020957252596085787 0
0.73499999999999988 0.74499999999999988 0.73999999999999988 1.006113315419489e-25 0 0 0 296.20986696230597 0.00020957252596085787 0
0.74499999999999988 0.75499999999999989 0.74999999999999989 1.006104509321146e-25 0 0 0 296.20986696230597 0.00020957252596085787 0
0.75499999999999989 0.7649999999999999 0.7599999999999999 1.0061043918971365e-25 0 0 0 296.20986696230597 0.00020957252596085787 0
0.7649999999999999 0.77499999999999991 0.76999999999999991 1.006104280814243e-25 0 0 0 296.20986696230597 0.00020957252596085787 0
0.77499999999999991 0.78499999999999981 0.7799999999999998 1.0061041683008435e-25 0 0 0 296.20986696230591 0.00020957252596085789 0
0.78499999999999981 0.79499999999999982 0.78999999999999981 1.0061040565839016e-25 0 0 0 296.20986696230597 0.00020957252596085787 0
0.79499999999999982 0.80499999999999994 0.79999999999999982 1.0061039452057914e-25 0 0 0 296.20986696230597 0.00020957252596085787 0
0.80499999999999994 0.81499999999999984 0.80999999999999983 1.0061038323540971e-25 0 0 0 296.20986696230597 0.00020957252596085784 0
0.81499999999999984 0.82499999999999984 0.81999999999999984 1.0061037212706901e-25 0 0 0 296.20986696230591 0.00020957252596085789 0
0.82499999999999984 0.83499999999999974 0.82999999999999985 1.0061036089657114e-25 0 0 0 296.20986696230597 0.00020957252596085784 0
0.83499999999999974 0.84499999999999986 0.83999999999999986 1.0061034970410014e-25 0 0 0 296.20986696230602 0.00020957252596085787 0
0.84499999999999986 0.85499999999999987 0.84999999999999987 1.0061033858750335e-25 0 0 0 296.20986696230591 0.00020957252596085789 0
0.85499999999999987 0.86499999999999977 0.85999999999999988 1.0061032728122175e-25 0 0 0 296.20986696230597 0.00020957252596085784 0
0.86499999999999977 0.87499999999999989 0.86999999999999988 1.0061031617312508e-25 0 0 0 296.20986696230597 0.00020957252596085787 0
0.87499999999999989 0.8849999999999999 0.87999999999999989 1.0061030496385337e-25 0 0 0 296.20986696230597 0.00020957252596085787 0
0.8849999999999999 0.8949999999999998 0.8899999999999999 1.0061029375030164e-25 0 0 0 296.20986696230597 0.00020957252596085784 0
0.8949999999999998 0.9049999999999998 0.8999999999999998 1.0061028264219511e-25 0 0 0 296.20986696230597 0.00020957252596085787 0
0.9049999999999998 0.91499999999999992 0.90999999999999992 1.0061027134019484e-25 0 0 0 296.20986696230597 0.00020957252596085789 0
0.91499999999999992 0.92499999999999982 0.91999999999999993 1.0061026021938781e-25 0 0 0 296.20986696230602 0.00020957252596085784 0
0.92499999999999982 0.93499999999999983 0.92999999999999983 1.0061024903111331e-25 0 0 0 296.20986696230597 0.00020957252596085787 0
0.93499999999999983 0.94499999999999984 0.93999999999999984 1.0061023779645591e-25 0 0 0 296.20986696230597 0.00020957252596085787 0
0.94499999999999984 0.95499999999999985 0.94999999999999984 1.0061022668820778e-25 0 0 0 296.20986696230597 0.00020957252596085787 0
0.95499999999999985 0.96499999999999986 0.95999999999999985 1.0061021540718201e-25 0 0 0 296.20986696230591 0.00020957252596085789 0
0.96499999999999986 0.97499999999999976 0.96999999999999975 1.0061020426523513e-25 0 0 0 296.20986696230591 0.00020957252596085789 0
0.97499999999999976 0.98499999999999988 0.97999999999999976 1.0061019309794045e-25 0 0 0 296.20986696230602 0.00020957252596085787 0
0.98499999999999988 0.99499999999999977 0.98999999999999977 1.0061018184197914e-25 0 0 0 296.20986696230597 0.00020957252596085784 0
0.99499999999999977 1.0049999999999999 0.99999999999999978 1.0061017073345518e-25 0 0 0 296.20986696230597 0.00020957252596085789 0
1.0049999999999999 1.0149999999999999 1.0099999999999998 1.0061015947315888e-25 0 0 0 296.20986696230597 0.00020957252596085787 0
1.0149999999999999 1.0249999999999999 1.02 1.0061014830987539e-25 0 0 0 296.20986696230597 0.00020957252596085787 0
1.0249999999999999 1.0349999999999999 1.0299999999999998 1.0061013716345856e-25 0 0 0 296.20986696230591 0.00020957252596085789 0
1.0349999999999999 1.0449999999999999 1.04 1.0061012588637889e-25 0 0 0 296.20986696230597 0.00020957252596085787 0
1.0449999999999999 1.0549999999999999 1.0499999999999998 1.0061011477783863e-25 0 0 0 296.20986696230597 0.00020957252596085787 0
1.0549999999999999 1.0649999999999997 1.0599999999999998 1.0061010353866726e-25 0 0 0 296.20986696230591 0.00020957252596085789 0
1.0649999999999997 1.075 1.0699999999999998 1.0061009235426624e-25 0 0 0 296.20986696230591 0.00020957252596085789 0
1.075 1.085 1.0800000000000001 1.0061008122884128e-25 0 0 0 296.20986696230597 0.00020957252596085787 0
1.085 1.0949999999999998 1.0899999999999999 1.006100699305796e-25 0 0 0 296.20986696230602 0.00020957252596085784 0
1.0949999999999998 1.105 1.0999999999999999 1.006100588220302e-25 0 0 0 296.20986696230597 0.00020957252596085787 0
1.105 1.115 1.1099999999999999 1.0061004760390621e-25 0 0 0 296.20986696230597 0.00020957252596085787 0
1.115 1.1249999999999998 1.1199999999999999 1.0061003639838441e-25 0 0 0 296.20986696230597 0.00020957252596085784 0
1.1249999999999998 1.135 1.1299999999999999 1.0061002528983252e-25 0 0 0 296.20986696230597 0.00020957252596085787 0
1.135 1.145 1.1400000000000001 1.0061001397891546e-25 0 0 0 296.20986696230591 0.00020957252596085789 0
1.145 1.1549999999999998 1.1499999999999999 1.0061000286611532e-25 0 0 0 296.20986696230597 0.00020957252596085789 0
1.1549999999999998 1.165 1.1599999999999999 1.0060999166897374e-25 0 0 0 296.20986696230597 0.00020957252596085787 0
1.165 1.175 1.1699999999999999 1.0060998044226506e-25 0 0 0 296.20986696230597 0.00020957252596085787 0
1.175 1.1849999999999998 1.1799999999999999 1.0060996933353594e-25 0 0 0 296.20986696230597 0.00020957252596085789 0
1.1849999999999998 1.1950000000000001 1.1899999999999999 1.0060995804347506e-25 0 0 0 296.20986696230597 0.00020957252596085787 0
1.1950000000000001 1.2049999999999998 1.2 1.0060994690939931e-25 0 0 0 296.20986696230602 0.00020957252596085784 0
1.2049999999999998 1.2149999999999999 1.21 1.0060993573316398e-25 0 0 0 296.20986696230591 0.00020957252596085789 0
1.2149999999999999 1.2249999999999999 1.2199999999999998 1.0060992448524629e-25 0 0 0 296.20986696230597 0.00020957252596085787 0
1.2249999999999999 1.2349999999999999 1.23 1.0060991337647415e-25 0 0 0 296.20986696230597 0.00020957252596085787 0
1.2349999999999999 1.2449999999999999 1.2399999999999998 1.0060990210748554e-25 0 0 0 296.20986696230591 0.00020957252596085789 0
1.2449999999999999 1.2549999999999999 1.25 5.0304946930608986e-26 0 0 0 296.20986696230591 0.00010478626298043125 0
