# axial profiles of the pair PbI2_g -> PbI2_s, bin set native (rhoFixedFlowFoam, axialProfiles.H)
# time 60.000000000027363 directory 60 reason write time
# molarMass 0.46100893999999998
# axis (1 0 0) origin (0 0 0)
# nBins 126
# inventory gas 2.2009070324603812e-12 wall 4.0329151886712716e-11 sample 0
# binned gas 2.2009070324603816e-12 wall 4.0329151886712716e-11 sample 0
# outside gas 0 wall 0 sample 0
# observable wall
# fraction 0.001
# significance 1e-13 minimumAmount 4.2530058919173093e-24
# Tdep fromInlet status found T 597.02360482014524 x 0.54001547046101228 peak 1.8211076389082806e-09 xPeak 0.55999999999999994 threshold 1.8211076389082806e-12 searchFrom 0.02
# Tdep fromPeak status found T 597.02360482014524 x 0.54001547046101228 peak 1.8211076389082806e-09 xPeak 0.55999999999999994 threshold 1.8211076389082806e-12
# Tpeak 560.73800869032243 K at x 0.55999999999999994 m; bin maximum of observable
# columns x_lo x_hi x gas wall sample observable Twall wallArea sampleGas
# units m m m mol/m mol/m mol/m mol/m K m2/m mol/m
-0.0050000000000000001 0.0049999999999999984 -8.6736173798840355e-19 5.7728658057927361e-75 0 0 0 1154.5623673618734 0.00010915235727128012 0
0.0049999999999999984 0.014999999999999996 0.0099999999999999967 4.1229548490994384e-68 0 0 0 1154.5623673618734 0.00021830471454256024 0
0.014999999999999996 0.024999999999999994 0.019999999999999997 5.6917224443498526e-61 0 0 0 1144.5108078203718 0.00021830471454256024 0
0.024999999999999994 0.034999999999999996 0.029999999999999995 9.0983190384216346e-54 0 0 0 1114.1236691303659 0.00021830471454256027 0
0.034999999999999996 0.044999999999999991 0.039999999999999994 1.2359587783082427e-46 0 0 0 1080.7213787256435 0.0002183047145425603 0
0.044999999999999991 0.054999999999999993 0.049999999999999989 9.2078383395320553e-40 0 0 0 1058.0104741340567 0.00021830471454256027 0
0.054999999999999993 0.064999999999999988 0.059999999999999991 2.4767504681956309e-33 0 0 0 1055.6441320691104 0.0002183047145425603 0
0.064999999999999988 0.074999999999999983 0.069999999999999979 2.409946770256428e-26 0 0 0 1065.3458043246985 0.0002183047145425603 0
0.074999999999999983 0.084999999999999978 0.079999999999999988 8.0630302614500017e-20 0 0 0 1081.6040502867154 0.00021830471454256032 0
0.084999999999999978 0.094999999999999973 0.089999999999999969 1.0800512056317911e-14 0 0 0 1098.6922872432781 0.0002183047145425603 0
0.094999999999999973 0.10499999999999998 0.099999999999999978 1.8119301928175034e-13 0 0 0 1112.0343765338403 0.00021830471454256027 0
0.10499999999999998 0.11499999999999998 0.10999999999999999 2.3164034955430259e-13 0 0 0 1118.9598732889278 0.00021830471454256032 0
0.11499999999999998 0.12499999999999997 0.11999999999999997 2.0693564980032392e-13 0 0 0 1122.5884717651138 0.00021830471454256032 0
0.12499999999999997 0.13499999999999998 0.12999999999999998 2.0389469537974191e-13 0 0 0 1123.0807074672628 0.00021830471454256032 0
0.13499999999999998 0.14499999999999999 0.13999999999999999 2.2671319760703591e-13 0 0 0 1119.5232529839343 0.00021830471454256027 0
0.14499999999999999 0.15499999999999997 0.14999999999999997 2.7444300682409259e-13 0 0 0 1113.2098551978199 0.00021830471454256035 0
0.15499999999999997 0.16499999999999995 0.15999999999999998 3.7767552992516691e-13 0 0 0 1101.9840509337673 0.0002183047145425603 0
0.16499999999999995 0.17499999999999996 0.16999999999999996 5.5878739124343201e-13 0 0 0 1087.5749486289301 0.00021830471454256032 0
0.17499999999999996 0.18499999999999997 0.17999999999999997 7.6201511567877656e-13 0 0 0 1075.2056681650924 0.00021830471454256032 0
0.18499999999999997 0.19499999999999995 0.18999999999999995 1.0328863336485963e-12 0 0 0 1061.7673229649449 0.0002183047145425603 0
0.19499999999999995 0.20499999999999993 0.19999999999999996 1.3825312474869597e-12 0 0 0 1047.1512474441799 0.0002183047145425603 0
0.20499999999999993 0.21499999999999997 0.20999999999999996 1.6712291134573295e-12 0 0 0 1036.5145153186893 0.00021830471454256035 0
0.21499999999999997 0.22499999999999998 0.21999999999999997 1.940781639449747e-12 0 0 0 1027.3020557338543 0.00021830471454256032 0
0.22499999999999998 0.23499999999999996 0.22999999999999998 2.2072475376368383e-12 0 0 0 1018.5426309973923 0.0002183047145425603 0
0.23499999999999996 0.24499999999999994 0.23999999999999994 2.4730486927906887e-12 0 0 0 1009.9178674835873 0.0002183047145425603 0
0.24499999999999994 0.25499999999999995 0.24999999999999994 2.725239487540787e-12 0 0 0 1001.8668096865016 0.00021830471454256038 0
0.25499999999999995 0.26499999999999996 0.25999999999999995 2.9605158079968501e-12 0 0 0 994.43136052432794 0.00021830471454256032 0
0.26499999999999996 0.27499999999999997 0.26999999999999996 3.2273243711409065e-12 0 0 0 985.83260226609343 0.00021830471454256027 0
0.27499999999999997 0.28499999999999992 0.27999999999999992 3.5503063777757491e-12 0 0 0 975.11795909633599 0.0002183047145425603 0
0.28499999999999992 0.29499999999999998 0.28999999999999992 3.8947365777878221e-12 0 0 0 963.38307755524283 0.0002183047145425603 0
0.29499999999999998 0.30499999999999994 0.29999999999999993 4.3294334730995433e-12 0 0 0 947.56612575643885 0.0002183047145425603 0
0.30499999999999994 0.31499999999999995 0.30999999999999994 4.744118592940107e-12 0 0 0 931.10679671738114 0.00021830471454256027 0
0.31499999999999995 0.3249999999999999 0.31999999999999995 5.1173713265676886e-12 0 0 0 914.49725927458439 0.0002183047145425603 0
0.3249999999999999 0.33499999999999991 0.3299999999999999 5.4241834912982518e-12 0 0 0 899.33417849179295 0.00021830471454256027 0
0.33499999999999991 0.34499999999999997 0.33999999999999997 5.6602903588586263e-12 0 0 0 886.44846090802935 0.00021830471454256035 0
0.34499999999999997 0.35499999999999993 0.34999999999999998 5.8684464352066192e-12 0 0 0 873.99130499003877 0.0002183047145425603 0
0.35499999999999993 0.36499999999999994 0.35999999999999993 6.0957495075979826e-12 0 0 0 858.61979708738193 0.00021830471454256027 0
0.36499999999999994 0.37499999999999994 0.36999999999999994 6.2887263782167405e-12 0 0 0 844.0987172832647 0.00021830471454256032 0
0.37499999999999994 0.38499999999999995 0.37999999999999995 6.438433651686348e-12 0 0 0 831.8220707404364 0.00021830471454256027 0
0.38499999999999995 0.39499999999999991 0.3899999999999999 6.579639212044551e-12 0 0 0 819.43901783468243 0.0002183047145425603 0
0.39499999999999991 0.40499999999999992 0.39999999999999991 6.7369450413830138e-12 0 0 0 804.62469119524451 0.00021830471454256027 0
0.40499999999999992 0.41499999999999987 0.40999999999999992 6.8997402810213809e-12 0 0 0 788.6314821464988 0.00021830471454256027 0
0.41499999999999987 0.42499999999999993 0.41999999999999993 7.0728759735818002e-12 0 0 0 773.11068376791172 0.00021830471454256035 0
0.42499999999999993 0.43499999999999994 0.42999999999999994 7.2753814038270295e-12 0 0 0 757.54454364048991 0.00021830471454256027 0
0.43499999999999994 0.4449999999999999 0.43999999999999995 7.4723230781430848e-12 0 0 0 742.61475450869614 0.0002183047145425603 0
0.4449999999999999 0.45499999999999996 0.44999999999999996 7.6678811309300837e-12 0 0 0 727.37672687829354 0.0002183047145425603 0
0.45499999999999996 0.46499999999999991 0.45999999999999996 7.8532006008288803e-12 0 0 0 712.67953792875528 0.0002183047145425603 0
0.46499999999999991 0.47499999999999992 0.46999999999999992 8.031665156398588e-12 0 0 0 698.53032459880899 0.00021830471454256032 0
0.47499999999999992 0.48499999999999988 0.47999999999999987 8.2281857445139345e-12 0 0 0 682.97998816905067 0.0002183047145425603 0
0.48499999999999988 0.49499999999999988 0.48999999999999988 8.4204455037248738e-12 0 0 0 668.29555542856451 0.00021830471454256027 0
0.49499999999999988 0.50499999999999989 0.49999999999999989 8.5923872792856263e-12 0 0 0 655.53724296627047 0.00021830471454256027 0
0.50499999999999989 0.5149999999999999 0.5099999999999999 8.7814826932399349e-12 0 0 0 641.7275789750023 0.00021830471454256027 0
0.5149999999999999 0.52499999999999991 0.51999999999999991 8.9865537624383735e-12 0 0 0 627.35435166346383 0.00021830471454256027 0
0.52499999999999991 0.53499999999999992 0.52999999999999992 9.2039724377359523e-12 0 0 0 613.15034618929553 0.00021830471454256027 0
0.53499999999999992 0.54499999999999982 0.53999999999999981 9.3968815026940391e-12 0 0 0 597.04983003887287 0.0002183047145425603 0
0.54499999999999982 0.55499999999999994 0.54999999999999982 7.7903131951986588e-12 1.17715150016325e-09 0 1.17715150016325e-09 580.09802833988613 0.00021830471454256032 0
0.55499999999999994 0.56499999999999995 0.55999999999999994 3.3246927235567996e-12 1.8211076389082806e-09 0 1.8211076389082806e-09 560.73800869032243 0.00021830471454256027 0
0.56499999999999995 0.57499999999999984 0.56999999999999984 1.1762609476235511e-12 6.4108717563649918e-10 0 6.4108717563649918e-10 544.26716365864627 0.00021830471454256032 0
0.57499999999999984 0.58499999999999996 0.57999999999999985 3.8113667037470417e-13 2.782063046325812e-10 0 2.782063046325812e-10 526.08363293637183 0.00021830471454256027 0
0.58499999999999996 0.59499999999999997 0.58999999999999997 1.1395402046358111e-13 8.2621720025821573e-11 0 8.2621720025821573e-11 508.81949603586366 0.00021830471454256027 0
0.59499999999999997 0.60499999999999987 0.59999999999999987 2.9998264441344189e-14 2.5333784223313964e-11 0 2.5333784223313964e-11 490.15542922814188 0.00021830471454256032 0
0.60499999999999987 0.61499999999999988 0.60999999999999988 6.6367363064467556e-15 6.0178074959528815e-12 0 6.0178074959528815e-12 470.91532464062931 0.00021830471454256027 0
0.61499999999999988 0.62499999999999989 0.61999999999999988 1.2978439682458215e-15 1.1644154353350343e-12 0 1.1644154353350343e-12 451.79448642587278 0.00021830471454256027 0
0.62499999999999989 0.6349999999999999 0.62999999999999989 1.4595265173579603e-16 2.0376760188829744e-13 0 2.0376760188829744e-13 425.91694283199405 0.00021830471454256027 0
0.6349999999999999 0.64499999999999991 0.6399999999999999 6.9092619375045216e-18 2.0284800578478057e-14 0 2.0284800578478057e-14 392.99291483300613 0.00021830471454256032 0
0.64499999999999991 0.6549999999999998 0.64999999999999991 2.2480662543206408e-19 7.7125749611032881e-16 0 7.7125749611032881e-16 359.73075246955591 0.0002183047145425603 0
0.6549999999999998 0.66499999999999992 0.65999999999999992 5.2812416425530938e-21 1.8104033224971244e-17 0 1.8104033224971244e-17 335.19706043054686 0.00021830471454256032 0
0.66499999999999992 0.67499999999999982 0.66999999999999993 1.2650977478311937e-22 3.7478993000736765e-19 0 3.7478993000736765e-19 321.46834789246873 0.0002183047145425603 0
0.67499999999999982 0.68499999999999983 0.67999999999999983 7.3121341033851236e-24 1.0387549429817203e-20 0 1.0387549429817203e-20 312.85332375747225 0.00021830471454256027 0
0.68499999999999983 0.69499999999999995 0.68999999999999995 1.5948299047940986e-24 8.1364255884932793e-22 0 8.1364255884932793e-22 307.19312245452346 0.00021830471454256032 0
0.69499999999999995 0.70499999999999985 0.69999999999999996 9.1734869868368226e-25 8.8915024117813235e-23 0 8.8915024117813235e-23 305.20102137846635 0.0002183047145425603 0
0.70499999999999985 0.71499999999999986 0.70999999999999985 6.3903380534710538e-25 5.3796252385461485e-23 0 5.3796252385461485e-23 303.50044114136358 0.00021830471454256032 0
0.71499999999999986 0.72499999999999987 0.71999999999999986 4.7932864393581393e-25 3.4054910482226296e-23 0 3.4054910482226296e-23 302.16923163725647 0.00021830471454256027 0
0.72499999999999987 0.73499999999999988 0.72999999999999987 3.5846542923341064e-25 2.1481923768170391e-23 0 2.1481923768170391e-23 300.91658754420752 0.00021830471454256027 0
0.73499999999999988 0.74499999999999988 0.73999999999999988 2.8303729502553203e-25 1.4265695591946384e-23 0 1.4265695591946384e-23 299.81639555370418 0.00021830471454256027 0
0.74499999999999988 0.75499999999999989 0.74999999999999989 2.1021469528660817e-25 1.9092978611111936e-23 0 1.9092978611111936e-23 298.38813506979028 0.00021830471454256027 0
0.75499999999999989 0.7649999999999999 0.7599999999999999 1.8340244589703406e-25 3.8039487800907784e-24 0 3.8039487800907784e-24 298.05946700308215 0.00021830471454256027 0
0.7649999999999999 0.77499999999999991 0.76999999999999991 1.7964806005792927e-25 3.551817822426342e-26 0 3.551817822426342e-26 298.20370095604238 0.00021830471454256027 0
0.77499999999999991 0.78499999999999981 0.7799999999999998 1.772429006463221e-25 4.0845904957923819e-25 0 4.0845904957923819e-25 297.73836443468707 0.00021830471454256032 0
0.78499999999999981 0.79499999999999982 0.78999999999999981 1.7069389581197965e-25 1.8939242937555384e-24 0 1.8939242937555384e-24 297.65517528099844 0.00021830471454256027 0
0.79499999999999982 0.80499999999999994 0.79999999999999982 1.6934685067231625e-25 0 0 0 297.73836443468707 0.00021830471454256032 0
0.80499999999999994 0.81499999999999984 0.80999999999999983 1.6934654564234563e-25 0 0 0 297.73836443468718 0.0002183047145425603 0
0.81499999999999984 0.82499999999999984 0.81999999999999984 1.6934652733589342e-25 0 0 0 297.73836443468707 0.00021830471454256027 0
0.82499999999999984 0.83499999999999974 0.82999999999999985 1.6934651120015012e-25 0 0 0 297.73836443468713 0.0002183047145425603 0
0.83499999999999974 0.84499999999999986 0.83999999999999986 1.6934649507224027e-25 0 0 0 297.73836443468713 0.00021830471454256032 0
0.84499999999999986 0.85499999999999987 0.84999999999999987 1.6934647894425493e-25 0 0 0 297.73836443468713 0.00021830471454256027 0
0.85499999999999987 0.86499999999999977 0.85999999999999988 1.693464628165277e-25 0 0 0 297.73836443468718 0.0002183047145425603 0
0.86499999999999977 0.87499999999999989 0.86999999999999988 1.6934644668828449e-25 0 0 0 297.73836443468713 0.00021830471454256032 0
0.87499999999999989 0.8849999999999999 0.87999999999999989 1.6934643056058454e-25 0 0 0 297.73836443468713 0.00021830471454256027 0
0.8849999999999999 0.8949999999999998 0.8899999999999999 1.6934641443227133e-25 0 0 0 297.73836443468713 0.0002183047145425603 0
0.8949999999999998 0.9049999999999998 0.8999999999999998 1.6934639827711768e-25 0 0 0 297.73836443468707 0.00021830471454256027 0
0.9049999999999998 0.91499999999999992 0.90999999999999992 1.6934638205311698e-25 0 0 0 297.73836443468713 0.00021830471454256027 0
0.91499999999999992 0.92499999999999982 0.91999999999999993 1.69346365925266e-25 0 0 0 297.73836443468713 0.0002183047145425603 0
0.92499999999999982 0.93499999999999983 0.92999999999999983 1.6934634979717586e-25 0 0 0 297.73836443468707 0.00021830471454256032 0
0.93499999999999983 0.94499999999999984 0.93999999999999984 1.6934633366926741e-25 0 0 0 297.73836443468718 0.00021830471454256024 0
0.94499999999999984 0.95499999999999985 0.94999999999999984 1.6934631754122739e-25 0 0 0 297.73836443468713 0.00021830471454256027 0
0.95499999999999985 0.96499999999999986 0.95999999999999985 1.6934630141330413e-25 0 0 0 297.73836443468713 0.00021830471454256032 0
0.96499999999999986 0.97499999999999976 0.96999999999999975 1.693462852853059e-25 0 0 0 297.73836443468718 0.0002183047145425603 0
0.97499999999999976 0.98499999999999988 0.97999999999999976 1.6934626915732547e-25 0 0 0 297.73836443468713 0.00021830471454256032 0
0.98499999999999988 0.99499999999999977 0.98999999999999977 1.6934625302940748e-25 0 0 0 297.73836443468713 0.0002183047145425603 0
0.99499999999999977 1.0049999999999999 0.99999999999999978 1.6934623690136656e-25 0 0 0 297.73836443468701 0.00021830471454256032 0
1.0049999999999999 1.0149999999999999 1.0099999999999998 1.6934622077326854e-25 0 0 0 297.73836443468707 0.00021830471454256027 0
1.0149999999999999 1.0249999999999999 1.02 1.6934620464511871e-25 0 0 0 297.73836443468713 0.00021830471454256027 0
1.0249999999999999 1.0349999999999999 1.0299999999999998 1.693461885170042e-25 0 0 0 297.73836443468707 0.00021830471454256027 0
1.0349999999999999 1.0449999999999999 1.04 1.6934617234781485e-25 0 0 0 297.73836443468701 0.00021830471454256032 0
1.0449999999999999 1.0549999999999999 1.0499999999999998 1.6934615613758959e-25 0 0 0 297.73836443468713 0.00021830471454256027 0
1.0549999999999999 1.0649999999999997 1.0599999999999998 1.6934614000940954e-25 0 0 0 297.73836443468713 0.0002183047145425603 0
1.0649999999999997 1.075 1.0699999999999998 1.693461238812994e-25 0 0 0 297.73836443468713 0.0002183047145425603 0
1.075 1.085 1.0800000000000001 1.6934610775317935e-25 0 0 0 297.73836443468713 0.00021830471454256027 0
1.085 1.0949999999999998 1.0899999999999999 1.6934609162507334e-25 0 0 0 297.73836443468713 0.0002183047145425603 0
1.0949999999999998 1.105 1.0999999999999999 1.6934607549699011e-25 0 0 0 297.73836443468718 0.00021830471454256027 0
1.105 1.115 1.1099999999999999 1.6934605936893486e-25 0 0 0 297.73836443468713 0.00021830471454256032 0
1.115 1.1249999999999998 1.1199999999999999 1.6934604324087383e-25 0 0 0 297.73836443468713 0.0002183047145425603 0
1.1249999999999998 1.135 1.1299999999999999 1.6934602711279565e-25 0 0 0 297.73836443468713 0.0002183047145425603 0
1.135 1.145 1.1400000000000001 1.6934601098475701e-25 0 0 0 297.73836443468713 0.00021830471454256027 0
1.145 1.1549999999999998 1.1499999999999999 1.693459948567508e-25 0 0 0 297.73836443468713 0.0002183047145425603 0
1.1549999999999998 1.165 1.1599999999999999 1.6934597872875151e-25 0 0 0 297.73836443468713 0.0002183047145425603 0
1.165 1.175 1.1699999999999999 1.6934596260083161e-25 0 0 0 297.73836443468713 0.00021830471454256032 0
1.175 1.1849999999999998 1.1799999999999999 1.6934594641830882e-25 0 0 0 297.73836443468713 0.0002183047145425603 0
1.1849999999999998 1.1950000000000001 1.1899999999999999 1.6934593022208094e-25 0 0 0 297.73836443468718 0.0002183047145425603 0
1.1950000000000001 1.2049999999999998 1.2 1.6934591409425992e-25 0 0 0 297.73836443468707 0.00021830471454256035 0
1.2049999999999998 1.2149999999999999 1.21 1.6934589796639886e-25 0 0 0 297.73836443468713 0.00021830471454256027 0
1.2149999999999999 1.2249999999999999 1.2199999999999998 1.6934588183851898e-25 0 0 0 297.73836443468707 0.00021830471454256032 0
1.2249999999999999 1.2349999999999999 1.23 1.6934586571057731e-25 0 0 0 297.73836443468713 0.00021830471454256027 0
1.2349999999999999 1.2449999999999999 1.2399999999999998 1.6934584958253068e-25 0 0 0 297.73836443468713 0.00021830471454256032 0
1.2449999999999999 1.2549999999999999 1.25 8.4672918956967805e-26 0 0 0 297.73836443468718 0.00010915235727128256 0
