# axial profiles of the pair PbI2_g -> PbI2_s, bin set native (rhoFixedFlowFoam, axialProfiles.H)
# time 60.000000000027363 directory 60 reason write time
# molarMass 0.46100893999999998
# axis (1 0 0) origin (0 0 0)
# nBins 126
# inventory gas 1.8647749236530155e-12 wall 4.9931590461712103e-11 sample 0
# binned gas 1.8647749236530155e-12 wall 4.9931590461712103e-11 sample 0
# outside gas 0 wall 0 sample 0
# observable wall
# fraction 0.001
# significance 1e-13 minimumAmount 5.179636538536512e-24
# Tdep fromInlet status found T 596.59898203824969 x 0.4900121845143075 peak 2.1135577362488109e-09 xPeak 0.5099999999999999 threshold 2.113557736248811e-12 searchFrom 0.02
# Tdep fromPeak status found T 596.59898203824969 x 0.4900121845143075 peak 2.1135577362488109e-09 xPeak 0.5099999999999999 threshold 2.113557736248811e-12
# Tpeak 561.10562484752484 K at x 0.5099999999999999 m; bin maximum of observable
# columns x_lo x_hi x gas wall sample observable Twall wallArea sampleGas
# units m m m mol/m mol/m mol/m mol/m K m2/m mol/m
-0.0050000000000000001 0.0049999999999999984 -8.6736173798840355e-19 8.1467203191720346e-64 0 0 0 1154.3029933481153 0.00010478626298042891 0
0.0049999999999999984 0.014999999999999996 0.0099999999999999967 1.3094848881097688e-57 0 0 0 1154.0751671091152 0.00020957252596085787 0
0.014999999999999996 0.024999999999999994 0.019999999999999997 3.3577589964402751e-51 0 0 0 1137.3492539365648 0.00020957252596085787 0
0.024999999999999994 0.034999999999999996 0.029999999999999995 4.1243814310102931e-45 0 0 0 1105.8991822281505 0.00020957252596085787 0
0.034999999999999996 0.044999999999999991 0.039999999999999994 2.3144312097630913e-39 0 0 0 1083.6595823970874 0.00020957252596085784 0
0.044999999999999991 0.054999999999999993 0.049999999999999989 6.5932166818284098e-34 0 0 0 1078.1160586918081 0.00020957252596085787 0
0.054999999999999993 0.064999999999999988 0.059999999999999991 1.3361360893043044e-28 0 0 0 1087.5556937042809 0.00020957252596085784 0
0.064999999999999988 0.074999999999999983 0.069999999999999979 2.5522843262827542e-23 0 0 0 1100.178444172215 0.00020957252596085784 0
0.074999999999999983 0.084999999999999978 0.079999999999999988 5.5019573881008968e-18 0 0 0 1113.2761052641267 0.00020957252596085784 0
0.084999999999999978 0.094999999999999973 0.089999999999999969 1.3259437283021473e-14 0 0 0 1123.2979315916343 0.00020957252596085789 0
0.094999999999999973 0.10499999999999998 0.099999999999999978 9.0864125846661765e-14 0 0 0 1129.0604744628547 0.00020957252596085787 0
0.10499999999999998 0.11499999999999998 0.10999999999999999 1.5621638937310688e-13 0 0 0 1128.7776293686675 0.00020957252596085784 0
0.11499999999999998 0.12499999999999997 0.11999999999999997 1.6805121561219223e-13 0 0 0 1125.7455918681653 0.00020957252596085784 0
0.12499999999999997 0.13499999999999998 0.12999999999999998 1.9804597934179826e-13 0 0 0 1118.6423215303612 0.00020957252596085787 0
0.13499999999999998 0.14499999999999999 0.13999999999999999 2.4808211200483496e-13 0 0 0 1108.522667954044 0.00020957252596085787 0
0.14499999999999999 0.15499999999999997 0.14999999999999997 3.2835593507588032e-13 0 0 0 1095.0591749508471 0.00020957252596085789 0
0.15499999999999997 0.16499999999999995 0.15999999999999998 4.3986805339455764e-13 0 0 0 1079.257671662016 0.00020957252596085789 0
0.16499999999999995 0.17499999999999996 0.16999999999999996 5.6613709977094992e-13 0 0 0 1064.1559876029617 0.00020957252596085787 0
0.17499999999999996 0.18499999999999997 0.17999999999999997 6.9545363247175314e-13 0 0 0 1050.4715311774271 0.00020957252596085789 0
0.18499999999999997 0.19499999999999995 0.18999999999999995 8.2875872380275014e-13 0 0 0 1037.6050291666975 0.00020957252596085789 0
0.19499999999999995 0.20499999999999993 0.19999999999999996 9.4295489667375867e-13 0 0 0 1027.4841687306873 0.00020957252596085789 0
0.20499999999999993 0.21499999999999997 0.20999999999999996 1.0616933384456439e-12 0 0 0 1017.4968248336899 0.00020957252596085787 0
0.21499999999999997 0.22499999999999998 0.21999999999999997 1.1801443492945421e-12 0 0 0 1008.0633157714999 0.00020957252596085787 0
0.22499999999999998 0.23499999999999996 0.22999999999999998 1.3041483641351231e-12 0 0 0 998.71857138371854 0.00020957252596085784 0
0.23499999999999996 0.24499999999999994 0.23999999999999994 1.4401990778910137e-12 0 0 0 989.0994094921133 0.00020957252596085789 0
0.24499999999999994 0.25499999999999995 0.24999999999999994 1.6009783957014362e-12 0 0 0 978.4407327678764 0.00020957252596085787 0
0.25499999999999995 0.26499999999999996 0.25999999999999995 1.8199861977867999e-12 0 0 0 964.88407318498685 0.00020957252596085789 0
0.26499999999999996 0.27499999999999997 0.26999999999999996 2.0995185396051119e-12 0 0 0 949.0898983628565 0.00020957252596085787 0
0.27499999999999997 0.28499999999999992 0.27999999999999992 2.4213195877046458e-12 0 0 0 932.69938138109853 0.00020957252596085787 0
0.28499999999999992 0.29499999999999998 0.28999999999999992 2.7954707533827398e-12 0 0 0 915.52308243748985 0.00020957252596085784 0
0.29499999999999998 0.30499999999999994 0.29999999999999993 3.2832874541571969e-12 0 0 0 899.07388358895014 0.00020957252596085787 0
0.30499999999999994 0.31499999999999995 0.30999999999999994 3.934595265656345e-12 0 0 0 883.93101564845779 0.00020957252596085789 0
0.31499999999999995 0.3249999999999999 0.31999999999999995 4.6426649017626895e-12 0 0 0 867.55294873335606 0.00020957252596085787 0
0.3249999999999999 0.33499999999999991 0.3299999999999999 5.2468468572053661e-12 0 0 0 852.48797464742302 0.00020957252596085789 0
0.33499999999999991 0.34499999999999997 0.33999999999999997 5.7865072556303706e-12 0 0 0 838.01220693200582 0.00020957252596085787 0
0.34499999999999997 0.35499999999999993 0.34999999999999998 6.3248351419772536e-12 0 0 0 822.17480909935398 0.00020957252596085787 0
0.35499999999999993 0.36499999999999994 0.35999999999999993 6.8212414381674444e-12 0 0 0 806.07685407933207 0.00020957252596085787 0
0.36499999999999994 0.37499999999999994 0.36999999999999994 7.271008010164215e-12 0 0 0 789.8648993267276 0.00020957252596085789 0
0.37499999999999994 0.38499999999999995 0.37999999999999995 7.6677220193507574e-12 0 0 0 773.9046542577189 0.00020957252596085787 0
0.38499999999999995 0.39499999999999991 0.3899999999999999 8.0361977515560717e-12 0 0 0 757.10168742261544 0.00020957252596085784 0
0.39499999999999991 0.40499999999999992 0.39999999999999991 8.3487627405082532e-12 0 0 0 741.37263118118369 0.00020957252596085789 0
0.40499999999999992 0.41499999999999987 0.40999999999999992 8.6261660252854608e-12 0 0 0 725.8108267344993 0.00020957252596085787 0
0.41499999999999987 0.42499999999999993 0.41999999999999993 8.8966760387295011e-12 0 0 0 708.99038207436411 0.00020957252596085787 0
0.42499999999999993 0.43499999999999994 0.42999999999999994 9.1431648720248001e-12 0 0 0 692.73620113501295 0.00020957252596085787 0
0.43499999999999994 0.4449999999999999 0.43999999999999995 9.3711433273490838e-12 0 0 0 677.29203002981239 0.00020957252596085787 0
0.4449999999999999 0.45499999999999996 0.44999999999999996 9.6105990862864196e-12 0 0 0 661.08126588486505 0.00020957252596085787 0
0.45499999999999996 0.46499999999999991 0.45999999999999996 9.8492967751472888e-12 0 0 0 645.37232587006963 0.00020957252596085787 0
0.46499999999999991 0.47499999999999992 0.46999999999999992 1.0098166542469213e-11 0 0 0 629.5440731931069 0.00020957252596085787 0
0.47499999999999992 0.48499999999999988 0.47999999999999987 1.0343534305429907e-11 0 0 0 614.25458723633494 0.00020957252596085787 0
0.48499999999999988 0.49499999999999988 0.48999999999999988 1.0445405146994296e-11 0 0 0 596.61984419689952 0.00020957252596085787 0
0.49499999999999988 0.50499999999999989 0.49999999999999989 7.7506791113568281e-12 1.7346261680068791e-09 0 1.7346261680068791e-09 579.4979810490579 0.00020957252596085787 0
0.50499999999999989 0.5149999999999999 0.5099999999999999 3.1293194199247618e-12 2.1135577362488109e-09 0 2.1135577362488109e-09 561.10562484752484 0.00020957252596085789 0
0.5149999999999999 0.52499999999999991 0.51999999999999991 1.0152231427043508e-12 7.6923596780730442e-10 0 7.6923596780730442e-10 542.97965913421581 0.00020957252596085787 0
0.52499999999999991 0.53499999999999992 0.52999999999999992 3.3162872099148663e-13 2.6763953906540139e-10 0 2.6763953906540139e-10 524.70914599862056 0.00020957252596085787 0
0.53499999999999992 0.54499999999999982 0.53999999999999981 8.2862087234289186e-14 8.2816882053417283e-11 0 8.2816882053417283e-11 504.35059107113005 0.00020957252596085784 0
0.54499999999999982 0.55499999999999994 0.54999999999999982 1.6927489611459752e-14 2.0527269076729948e-11 0 2.0527269076729948e-11 482.94306262595057 0.00020957252596085787 0
0.55499999999999994 0.56499999999999995 0.55999999999999994 3.054351810598086e-15 3.9306795738179808e-12 0 3.9306795738179808e-12 462.58727864042032 0.00020957252596085787 0
0.56499999999999995 0.57499999999999984 0.56999999999999984 4.2470013481211296e-16 7.2573970946330863e-13 0 7.2573970946330863e-13 439.45996766129127 0.00020957252596085784 0
0.57499999999999984 0.58499999999999996 0.57999999999999985 3.859513117001771e-17 9.2047951794693913e-14 0 9.2047951794693913e-14 412.58114091563544 0.00020957252596085787 0
0.58499999999999996 0.59499999999999997 0.58999999999999997 2.0227912672204443e-18 6.7375684142459324e-15 0 6.7375684142459324e-15 381.18838674879396 0.00020957252596085787 0
0.59499999999999997 0.60499999999999987 0.59999999999999987 5.957064231054583e-20 2.7171059142412963e-16 0 2.7171059142412963e-16 351.80725966268182 0.00020957252596085784 0
0.60499999999999987 0.61499999999999988 0.60999999999999988 1.5486060699700726e-21 7.2236109235105212e-18 0 7.2236109235105212e-18 331.28641093522668 0.00020957252596085787 0
0.61499999999999988 0.62499999999999989 0.61999999999999988 4.6633653393711583e-23 1.6849320162451432e-19 0 1.6849320162451432e-19 319.31067391138714 0.00020957252596085787 0
0.62499999999999989 0.6349999999999999 0.62999999999999989 3.5068957484799097e-24 5.779353071023945e-21 0 5.779353071023945e-21 310.4627502418852 0.00020957252596085787 0
0.6349999999999999 0.64499999999999991 0.6399999999999999 1.0625102735037998e-24 4.9186049893630316e-22 0 4.9186049893630316e-22 305.94595738063458 0.00020957252596085789 0
0.64499999999999991 0.6549999999999998 0.64999999999999991 5.7194668909916892e-25 9.5971865407595073e-23 0 9.5971865407595073e-23 303.28223660758749 0.00020957252596085789 0
0.6549999999999998 0.66499999999999992 0.65999999999999992 3.3236357238868359e-25 5.3765545470578341e-23 0 5.3765545470578341e-23 300.8239364364635 0.00020957252596085787 0
0.66499999999999992 0.67499999999999982 0.66999999999999993 2.4126650306249475e-25 2.2731806219815323e-23 0 2.2731806219815323e-23 299.42951064465757 0.00020957252596085784 0
0.67499999999999982 0.68499999999999983 0.67999999999999983 2.0250505855425763e-25 8.9397195434736821e-24 0 8.9397195434736821e-24 298.66970242612064 0.00020957252596085787 0
0.68499999999999983 0.69499999999999995 0.68999999999999995 1.5895063980524718e-25 1.0999979711054466e-23 0 1.0999979711054466e-23 297.54003751970453 0.00020957252596085787 0
0.69499999999999995 0.70499999999999985 0.69999999999999996 1.3944748818621961e-25 2.8530646256490299e-24 0 2.8530646256490299e-24 297.02467953159623 0.00020957252596085784 0
0.70499999999999985 0.71499999999999986 0.70999999999999985 1.217423242823897e-25 5.561698412708557e-24 0 5.561698412708557e-24 296.41273104039601 0.00020957252596085789 0
0.71499999999999986 0.72499999999999987 0.71999999999999986 1.1399979391752314e-25 5.7115639236291812e-25 0 5.7115639236291812e-25 296.19272103057045 0.00020957252596085789 0
0.72499999999999987 0.73499999999999988 0.72999999999999987 9.9567170732015644e-26 4.4955458732514797e-24 0 4.4955458732514797e-24 295.68551196511629 0.00020957252596085787 0
0.73499999999999988 0.74499999999999988 0.73999999999999988 9.675677561535331e-26 0 0 0 296.20986696230597 0.00020957252596085787 0
0.74499999999999988 0.75499999999999989 0.74999999999999989 9.675508469467897e-26 0 0 0 296.20986696230597 0.00020957252596085787 0
0.75499999999999989 0.7649999999999999 0.7599999999999999 9.6755039469150999e-26 0 0 0 296.20986696230597 0.00020957252596085787 0
0.7649999999999999 0.77499999999999991 0.76999999999999991 9.6755028357375012e-26 0 0 0 296.20986696230597 0.00020957252596085787 0
0.77499999999999991 0.78499999999999981 0.7799999999999998 9.6755017603550601e-26 0 0 0 296.20986696230591 0.00020957252596085789 0
0.78499999999999981 0.79499999999999982 0.78999999999999981 9.6755006853078805e-26 0 0 0 296.20986696230591 0.00020957252596085789 0
0.79499999999999982 0.80499999999999994 0.79999999999999982 9.6754996102609775e-26 0 0 0 296.20986696230602 0.00020957252596085787 0
0.80499999999999994 0.81499999999999984 0.80999999999999983 9.6754985352123492e-26 0 0 0 296.20986696230597 0.00020957252596085784 0
0.81499999999999984 0.82499999999999984 0.81999999999999984 9.6754974601645061e-26 0 0 0 296.20986696230591 0.00020957252596085789 0
0.82499999999999984 0.83499999999999974 0.82999999999999985 9.675496383061582e-26 0 0 0 296.20986696230591 0.00020957252596085789 0
0.83499999999999974 0.84499999999999986 0.83999999999999986 9.6754952977484199e-26 0 0 0 296.20986696230602 0.00020957252596085787 0
0.84499999999999986 0.85499999999999987 0.84999999999999987 9.6754942226971582e-26 0 0 0 296.20986696230597 0.00020957252596085787 0
0.85499999999999987 0.86499999999999977 0.85999999999999988 9.6754931476440759e-26 0 0 0 296.20986696230597 0.00020957252596085784 0
0.86499999999999977 0.87499999999999989 0.86999999999999988 9.6754920725897584e-26 0 0 0 296.20986696230597 0.00020957252596085787 0
0.87499999999999989 0.8849999999999999 0.87999999999999989 9.6754909975372075e-26 0 0 0 296.20986696230597 0.00020957252596085787 0
0.8849999999999999 0.8949999999999998 0.8899999999999999 9.6754899224843479e-26 0 0 0 296.20986696230597 0.00020957252596085789 0
0.8949999999999998 0.9049999999999998 0.8999999999999998 9.6754888474288698e-26 0 0 0 296.20986696230591 0.00020957252596085789 0
0.9049999999999998 0.91499999999999992 0.90999999999999992 9.6754877723720716e-26 0 0 0 296.20986696230602 0.00020957252596085787 0
0.91499999999999992 0.92499999999999982 0.91999999999999993 9.675486697316481e-26 0 0 0 296.20986696230597 0.00020957252596085784 0
0.92499999999999982 0.93499999999999983 0.92999999999999983 9.6754856222596013e-26 0 0 0 296.20986696230597 0.00020957252596085787 0
0.93499999999999983 0.94499999999999984 0.93999999999999984 9.6754845472039579e-26 0 0 0 296.20986696230591 0.00020957252596085789 0
0.94499999999999984 0.95499999999999985 0.94999999999999984 9.6754834721468038e-26 0 0 0 296.20986696230597 0.00020957252596085789 0
0.95499999999999985 0.96499999999999986 0.95999999999999985 9.6754823970862954e-26 0 0 0 296.20986696230597 0.00020957252596085787 0
0.96499999999999986 0.97499999999999976 0.96999999999999975 9.6754813220229528e-26 0 0 0 296.20986696230597 0.00020957252596085784 0
0.97499999999999976 0.98499999999999988 0.97999999999999976 9.6754802469606731e-26 0 0 0 296.20986696230602 0.00020957252596085787 0
0.98499999999999988 0.99499999999999977 0.98999999999999977 9.6754791718996539e-26 0 0 0 296.20986696230597 0.00020957252596085784 0
0.99499999999999977 1.0049999999999999 0.99999999999999978 9.675478096839219e-26 0 0 0 296.20986696230597 0.00020957252596085789 0
1.0049999999999999 1.0149999999999999 1.0099999999999998 9.6754770217795807e-26 0 0 0 296.20986696230591 0.00020957252596085789 0
1.0149999999999999 1.0249999999999999 1.02 9.6754759467217953e-26 0 0 0 296.20986696230591 0.00020957252596085789 0
1.0249999999999999 1.0349999999999999 1.0299999999999998 9.6754748716604994e-26 0 0 0 296.20986696230602 0.00020957252596085781 0
1.0349999999999999 1.0449999999999999 1.04 9.6754737924944565e-26 0 0 0 296.20986696230597 0.00020957252596085787 0
1.0449999999999999 1.0549999999999999 1.0499999999999998 9.6754727092256008e-26 0 0 0 296.20986696230597 0.00020957252596085787 0
1.0549999999999999 1.0649999999999997 1.0599999999999998 9.6754716341662001e-26 0 0 0 296.20986696230597 0.00020957252596085789 0
1.0649999999999997 1.075 1.0699999999999998 9.6754705591070016e-26 0 0 0 296.20986696230591 0.00020957252596085789 0
1.075 1.085 1.0800000000000001 9.675469484045584e-26 0 0 0 296.20986696230597 0.00020957252596085787 0
1.085 1.0949999999999998 1.0899999999999999 9.6754684089849689e-26 0 0 0 296.20986696230597 0.00020957252596085784 0
1.0949999999999998 1.105 1.0999999999999999 9.6754673339245684e-26 0 0 0 296.20986696230597 0.00020957252596085789 0
1.105 1.115 1.1099999999999999 9.6754662588661263e-26 0 0 0 296.20986696230597 0.00020957252596085789 0
1.115 1.1249999999999998 1.1199999999999999 9.6754651838067888e-26 0 0 0 296.20986696230602 0.00020957252596085789 0
1.1249999999999998 1.135 1.1299999999999999 9.6754641087468074e-26 0 0 0 296.20986696230597 0.00020957252596085789 0
1.135 1.145 1.1400000000000001 9.675463033684057e-26 0 0 0 296.20986696230597 0.00020957252596085787 0
1.145 1.1549999999999998 1.1499999999999999 9.6754619586216178e-26 0 0 0 296.20986696230602 0.00020957252596085784 0
1.1549999999999998 1.165 1.1599999999999999 9.675460883560361e-26 0 0 0 296.20986696230597 0.00020957252596085787 0
1.165 1.175 1.1699999999999999 9.6754598084969426e-26 0 0 0 296.20986696230591 0.00020957252596085789 0
1.175 1.1849999999999998 1.1799999999999999 9.6754587334332934e-26 0 0 0 296.20986696230602 0.00020957252596085784 0
1.1849999999999998 1.1950000000000001 1.1899999999999999 9.6754576583699048e-26 0 0 0 296.20986696230597 0.00020957252596085787 0
1.1950000000000001 1.2049999999999998 1.2 9.6754565833072716e-26 0 0 0 296.20986696230602 0.00020957252596085784 0
1.2049999999999998 1.2149999999999999 1.21 9.6754555082443824e-26 0 0 0 296.20986696230597 0.00020957252596085787 0
1.2149999999999999 1.2249999999999999 1.2199999999999998 9.675454433180351e-26 0 0 0 296.20986696230597 0.00020957252596085789 0
1.2249999999999999 1.2349999999999999 1.23 9.6754533581157398e-26 0 0 0 296.20986696230591 0.00020957252596085789 0
1.2349999999999999 1.2449999999999999 1.2399999999999998 9.675452283052799e-26 0 0 0 296.20986696230597 0.00020957252596085789 0
1.2449999999999999 1.2549999999999999 1.25 4.8377257383781992e-26 0 0 0 296.20986696230597 0.00010478626298043125 0
