# axial profiles of the pair element_I -> I, bin set native (rhoFixedFlowFoam, axialProfiles.H)
# time 59.999999999950866 directory 60 reason write time
# molarMass 1
# axis (1 0 0) origin (0 0 0)
# nBins 126
# inventory gas 8.7948353528316809e-11 wall 4.7993460658639725e-09 sample 0
# binned gas 8.7948353528316809e-11 wall 4.7993460658639725e-09 sample 0
# outside gas 0 wall 0 sample 0
# observable wall
# fraction 0.001
# significance 1e-13 minimumAmount 4.8872944193922898e-22
# Tdep fromInlet status found T 668.14699696057835 x 0.34258441919778071 peak 1.5666849419926959e-07 xPeak 0.36999999999999994 threshold 1.5666849419926958e-10 searchFrom 0.02
# Tdep fromPeak status found T 668.14699696057835 x 0.34258441919778071 peak 1.5666849419926959e-07 xPeak 0.36999999999999994 threshold 1.5666849419926958e-10
# Tpeak 623.87813859893333 K at x 0.36999999999999994 m; bin maximum of observable
# columns x_lo x_hi x gas wall sample observable Twall wallArea sampleGas
# units m m m mol/m mol/m mol/m mol/m K m2/m mol/m
-0.0050000000000000001 0.0049999999999999984 -8.6736173798840355e-19 1.4607160421284543e-39 0 0 0 1124.6398688915374 0.00010478626298042893 0
0.0049999999999999984 0.014999999999999996 0.0099999999999999967 2.3521921065216719e-36 0 0 0 1124.6398688915374 0.00020957252596085787 0
0.014999999999999996 0.024999999999999994 0.019999999999999997 3.5744098819115755e-33 0 0 0 1123.2544391464862 0.00020957252596085787 0
0.024999999999999994 0.034999999999999996 0.029999999999999995 5.3214284452557559e-30 0 0 0 1113.8452806712346 0.00020957252596085787 0
0.034999999999999996 0.044999999999999991 0.039999999999999994 7.6911128451937008e-27 0 0 0 1102.0795144579361 0.00020957252596085784 0
0.044999999999999991 0.054999999999999993 0.049999999999999989 1.0746300387635065e-23 0 0 0 1089.8486244352205 0.00020957252596085787 0
0.054999999999999993 0.064999999999999988 0.059999999999999991 1.4489547661427375e-20 0 0 0 1074.1906724507721 0.00020957252596085784 0
0.064999999999999988 0.074999999999999983 0.069999999999999979 2.5077949014555772e-17 0 0 0 1059.5504667350558 0.00020957252596085789 0
0.074999999999999983 0.084999999999999978 0.079999999999999988 4.4098146378839881e-14 0 0 0 1046.3060721296572 0.00020957252596085784 0
0.084999999999999978 0.094999999999999973 0.089999999999999969 3.3194513991333944e-11 0 0 0 1035.0060569162681 0.00020957252596085789 1.5935819762999051e-11
0.094999999999999973 0.10499999999999998 0.099999999999999978 2.0595874227472782e-10 0 0 0 1024.9280498157236 0.00020957252596085789 9.3502417114665243e-11
0.10499999999999998 0.11499999999999998 0.10999999999999999 2.5990313282695161e-10 0 0 0 1015.5970488813163 0.00020957252596085784 0
0.11499999999999998 0.12499999999999997 0.11999999999999997 2.6189496025359572e-10 0 0 0 1007.3373110343156 0.00020957252596085789 0
0.12499999999999997 0.13499999999999998 0.12999999999999998 2.6406415936264849e-10 0 0 0 999.03002119211033 0.00020957252596085787 0
0.13499999999999998 0.14499999999999999 0.13999999999999999 2.6662863545241398e-10 0 0 0 989.43876210669373 0.00020957252596085787 0
0.14499999999999999 0.15499999999999997 0.14999999999999997 2.6984899042922144e-10 0 0 0 977.60522328052082 0.00020957252596085784 0
0.15499999999999997 0.16499999999999995 0.15999999999999998 2.7419328534764335e-10 0 0 0 961.96823749868088 0.00020957252596085789 0
0.16499999999999995 0.17499999999999996 0.16999999999999996 2.7886570184688618e-10 0 0 0 945.81303676018683 0.00020957252596085789 0
0.17499999999999996 0.18499999999999997 0.17999999999999997 2.8423675487715041e-10 0 0 0 927.88530683086788 0.00020957252596085787 0
0.18499999999999997 0.19499999999999995 0.18999999999999995 2.8947136151669955e-10 0 0 0 911.12737020745908 0.00020957252596085784 0
0.19499999999999995 0.20499999999999993 0.19999999999999996 2.9437191735707368e-10 0 0 0 895.99376448214218 0.00020957252596085784 0
0.20499999999999993 0.21499999999999997 0.20999999999999996 2.9867866980118705e-10 0 0 0 883.18557399041993 0.00020957252596085787 0
0.21499999999999997 0.22499999999999998 0.21999999999999997 3.0397084519359498e-10 0 0 0 867.7492476744078 0.00020957252596085787 0
0.22499999999999998 0.23499999999999996 0.22999999999999998 3.0945261038913543e-10 0 0 0 852.26543528744105 0.00020957252596085784 0
0.23499999999999996 0.24499999999999994 0.23999999999999994 3.1519883106939069e-10 0 0 0 836.71637584154337 0.00020957252596085784 0
0.24499999999999994 0.25499999999999995 0.24999999999999994 3.2162397993110218e-10 0 0 0 819.9770846136895 0.00020957252596085787 0
0.25499999999999995 0.26499999999999996 0.25999999999999995 3.2810160870741482e-10 0 0 0 803.78205101145534 0.00020957252596085789 0
0.26499999999999996 0.27499999999999997 0.26999999999999996 3.349542649808945e-10 0 0 0 787.35496838943106 0.00020957252596085787 0
0.27499999999999997 0.28499999999999992 0.27999999999999992 3.4125499194451135e-10 0 0 0 772.89677486063545 0.00020957252596085787 0
0.28499999999999992 0.29499999999999998 0.28999999999999992 3.4977554059760769e-10 0 0 0 753.91570057253273 0.00020957252596085787 0
0.29499999999999998 0.30499999999999994 0.29999999999999993 3.5954496998667866e-10 0 0 0 733.33035581515742 0.00020957252596085787 0
0.30499999999999994 0.31499999999999995 0.30999999999999994 3.6638006505264318e-10 0 0 0 719.88793869008452 0.00020957252596085789 0
0.31499999999999995 0.3249999999999999 0.31999999999999995 3.7392874961022855e-10 0 0 0 705.25027951423385 0.00020957252596085787 0
0.3249999999999999 0.33499999999999991 0.3299999999999999 3.8346840510091882e-10 0 0 0 687.54661881238849 0.00020957252596085787 0
0.33499999999999991 0.34499999999999997 0.33999999999999997 3.9229326479477552e-10 0 0 0 672.14468972855252 0.00020957252596085787 0
0.34499999999999997 0.35499999999999993 0.34999999999999998 4.001782798318942e-10 6.0620387874305145e-10 0 6.0620387874305145e-10 656.67625190156593 0.00020957252596085784 0
0.35499999999999993 0.36499999999999994 0.35999999999999993 3.2538078779129104e-10 1.5659687874605729e-07 0 1.5659687874605729e-07 639.57945571028472 0.00020957252596085789 0
0.36499999999999994 0.37499999999999994 0.36999999999999994 1.7110221928652441e-10 1.5666849419926959e-07 0 1.5666849419926959e-07 623.87813859893333 0.00020957252596085789 0
0.37499999999999994 0.38499999999999995 0.37999999999999995 8.2239372974664865e-11 9.0407802168845769e-08 0 9.0407802168845769e-08 607.83756628105982 0.00020957252596085787 0
0.38499999999999995 0.39499999999999991 0.3899999999999999 3.4329968458803424e-11 4.4873387577649797e-08 0 4.4873387577649797e-08 590.1120930698595 0.00020957252596085787 0
0.39499999999999991 0.40499999999999992 0.39999999999999991 1.3117340599665125e-11 1.9750703393229637e-08 0 1.9750703393229637e-08 571.86142030093822 0.00020957252596085787 0
0.40499999999999992 0.41499999999999987 0.40999999999999992 4.9460825245889358e-12 7.000806843812707e-09 0 7.000806843812707e-09 555.47219158016526 0.00020957252596085787 0
0.41499999999999987 0.42499999999999993 0.41999999999999993 1.6584945729426543e-12 2.8774552532370529e-09 0 2.8774552532370529e-09 535.80624769632936 0.00020957252596085784 0
0.42499999999999993 0.43499999999999994 0.42999999999999994 4.4333231734695539e-13 8.6010934795557828e-10 0 8.6010934795557828e-10 515.77301489843046 0.00020957252596085787 0
0.43499999999999994 0.4449999999999999 0.43999999999999995 1.0832352058930155e-13 2.2451441472841919e-10 0 2.2451441472841919e-10 496.24387166615992 0.00020957252596085787 0
0.4449999999999999 0.45499999999999996 0.44999999999999996 2.3527798515957073e-14 5.537135973771988e-11 0 5.537135973771988e-11 475.5481237480962 0.00020957252596085787 0
0.45499999999999996 0.46499999999999991 0.45999999999999996 4.0013900315613562e-15 1.0943512303500504e-11 0 1.0943512303500504e-11 453.53567660966627 0.00020957252596085787 0
0.46499999999999991 0.47499999999999992 0.46999999999999992 4.9982226288343461e-16 1.7259655901525356e-12 0 1.7259655901525356e-12 429.10790827235917 0.00020957252596085789 0
0.47499999999999992 0.48499999999999988 0.47999999999999987 4.3403527488932084e-17 1.9641781237296266e-13 0 1.9641781237296266e-13 397.12921905025797 0.00020957252596085787 0
0.48499999999999988 0.49499999999999988 0.48999999999999988 2.4716576689029734e-18 1.2810470547203258e-14 0 1.2810470547203258e-14 362.88980224943521 0.00020957252596085787 0
0.49499999999999988 0.50499999999999989 0.49999999999999989 1.2592336610013758e-19 6.6505389511171396e-16 0 6.6505389511171396e-16 338.50390372081199 0.00020957252596085787 0
0.50499999999999989 0.5149999999999999 0.5099999999999999 5.7857790898717125e-21 3.054411725182236e-17 0 3.054411725182236e-17 323.32817572063806 0.00020957252596085787 0
0.5149999999999999 0.52499999999999991 0.51999999999999991 2.5381570166625494e-22 1.2983670685580973e-18 0 1.2983670685580973e-18 313.54259834341786 0.00020957252596085787 0
0.52499999999999991 0.53499999999999992 0.52999999999999992 1.5408070163676306e-23 5.3687169581803808e-20 0 5.3687169581803808e-20 308.75991469641485 0.00020957252596085789 0
0.53499999999999992 0.54499999999999982 0.53999999999999981 4.433783783766361e-24 2.9524525898861245e-21 0 2.9524525898861245e-21 305.50353630607628 0.00020957252596085784 0
0.54499999999999982 0.55499999999999994 0.54999999999999982 3.339270203382113e-24 4.1829641007216896e-22 0 4.1829641007216896e-22 303.07712142877648 0.00020957252596085787 0
0.55499999999999994 0.56499999999999995 0.55999999999999994 2.9292748086814937e-24 1.9886277273447083e-22 0 1.9886277273447083e-22 300.93117632900635 0.00020957252596085787 0
0.56499999999999995 0.57499999999999984 0.56999999999999984 2.7082744946626718e-24 9.064592964713564e-23 0 9.064592964713564e-23 299.79276995006546 0.00020957252596085789 0
0.57499999999999984 0.58499999999999996 0.57999999999999985 2.4671911694193647e-24 6.1967049769370184e-23 0 6.1967049769370184e-23 298.54290816022012 0.00020957252596085787 0
0.58499999999999996 0.59499999999999997 0.58999999999999997 2.2775323124087622e-24 1.9129891789714116e-23 0 1.9129891789714116e-23 298.0936844391407 0.00020957252596085787 0
0.59499999999999997 0.60499999999999987 0.59999999999999987 2.0938926928434772e-24 3.0207675288451879e-23 0 3.0207675288451879e-23 297.42377004905057 0.00020957252596085784 0
0.60499999999999987 0.61499999999999988 0.60999999999999988 1.9471341151963629e-24 2.3913991612150808e-23 0 2.3913991612150808e-23 296.67367058098358 0.00020957252596085787 0
0.61499999999999988 0.62499999999999989 0.61999999999999988 1.8293013037205848e-24 7.9457437186822531e-24 0 7.9457437186822531e-24 296.65390094145289 0.00020957252596085787 0
0.62499999999999989 0.6349999999999999 0.62999999999999989 1.7543440323010886e-24 2.4990939077064907e-24 0 2.4990939077064907e-24 296.03438617401667 0.00020957252596085787 0
0.6349999999999999 0.64499999999999991 0.6399999999999999 1.7135081585093743e-24 8.4842077184877796e-26 0 8.4842077184877796e-26 296.03438617401662 0.00020957252596085789 0
0.64499999999999991 0.6549999999999998 0.64999999999999991 1.6994676241819871e-24 0 0 0 296.03438617401667 0.00020957252596085789 0
0.6549999999999998 0.66499999999999992 0.65999999999999992 1.7045794542820784e-24 4.334349438842549e-24 0 4.334349438842549e-24 295.96010806205311 0.00020957252596085787 0
0.66499999999999992 0.67499999999999982 0.66999999999999993 1.7134969239501009e-24 1.2838248950016648e-23 0 1.2838248950016648e-23 295.44009249150065 0.00020957252596085784 0
0.67499999999999982 0.68499999999999983 0.67999999999999983 1.7497409384635888e-24 5.3677351070488127e-24 0 5.3677351070488127e-24 295.51859626350699 0.00020957252596085787 0
0.68499999999999983 0.69499999999999995 0.68999999999999995 1.8046856978824706e-24 4.9152421739086167e-25 0 4.9152421739086167e-25 295.56756058800158 0.00020957252596085787 0
0.69499999999999995 0.70499999999999985 0.69999999999999996 1.8653851665457219e-24 5.7872060198226988e-26 0 5.7872060198226988e-26 295.44614423515139 0.00020957252596085784 0
0.70499999999999985 0.71499999999999986 0.70999999999999985 1.9268959247214424e-24 4.114144879043147e-26 0 4.114144879043147e-26 295.15732484114528 0.00020957252596085787 0
0.71499999999999986 0.72499999999999987 0.71999999999999986 1.9852012147041013e-24 2.0541995747653377e-27 0 2.0541995747653377e-27 295.08087008343256 0.00020957252596085789 0
0.72499999999999987 0.73499999999999988 0.72999999999999987 2.0393367015684888e-24 4.938245782102316e-29 0 4.938245782102316e-29 295.08087008343261 0.00020957252596085787 0
0.73499999999999988 0.74499999999999988 0.73999999999999988 2.0893489953738259e-24 0 0 0 295.08087008343256 0.00020957252596085789 0
0.74499999999999988 0.75499999999999989 0.74999999999999989 2.1343294400165124e-24 0 0 0 295.08087008343256 0.00020957252596085787 0
0.75499999999999989 0.7649999999999999 0.7599999999999999 2.1726458758415536e-24 0 0 0 295.08087008343261 0.00020957252596085787 0
0.7649999999999999 0.77499999999999991 0.76999999999999991 2.2020378449268053e-24 0 0 0 295.08087008343261 0.00020957252596085787 0
0.77499999999999991 0.78499999999999981 0.7799999999999998 2.2196892272129022e-24 0 0 0 295.08087008343261 0.00020957252596085789 0
0.78499999999999981 0.79499999999999982 0.78999999999999981 2.2240956049357651e-24 0 0 0 295.08087008343261 0.00020957252596085789 0
0.79499999999999982 0.80499999999999994 0.79999999999999982 2.2147869352753575e-24 0 0 0 295.08087008343267 0.00020957252596085787 0
0.80499999999999994 0.81499999999999984 0.80999999999999983 2.1928549725080928e-24 0 0 0 295.08087008343267 0.00020957252596085784 0
0.81499999999999984 0.82499999999999984 0.81999999999999984 2.1607705410726405e-24 0 0 0 295.08087008343261 0.00020957252596085787 0
0.82499999999999984 0.83499999999999974 0.82999999999999985 2.1218406047387194e-24 0 0 0 295.08087008343261 0.00020957252596085789 0
0.83499999999999974 0.84499999999999986 0.83999999999999986 2.0795087397294e-24 0 0 0 295.08087008343261 0.00020957252596085787 0
0.84499999999999986 0.85499999999999987 0.84999999999999987 2.0367211815169328e-24 0 0 0 295.08087008343256 0.00020957252596085789 0
0.85499999999999987 0.86499999999999977 0.85999999999999988 1.9955176109356603e-24 0 0 0 295.08087008343267 0.00020957252596085784 0
0.86499999999999977 0.87499999999999989 0.86999999999999988 1.9569047493353844e-24 0 0 0 295.08087008343261 0.00020957252596085787 0
0.87499999999999989 0.8849999999999999 0.87999999999999989 1.9209786175206899e-24 0 0 0 295.08087008343261 0.00020957252596085789 0
0.8849999999999999 0.8949999999999998 0.8899999999999999 1.8872072287360118e-24 0 0 0 295.08087008343261 0.00020957252596085789 0
0.8949999999999998 0.9049999999999998 0.8999999999999998 1.8547202209285062e-24 0 0 0 295.08087008343261 0.00020957252596085787 0
0.9049999999999998 0.91499999999999992 0.90999999999999992 1.8226595693615764e-24 0 0 0 295.08087008343261 0.00020957252596085787 0
0.91499999999999992 0.92499999999999982 0.91999999999999993 1.7908606854983267e-24 0 0 0 295.08087008343261 0.00020957252596085784 0
0.92499999999999982 0.93499999999999983 0.92999999999999983 1.7590999052991376e-24 0 0 0 295.08087008343256 0.00020957252596085789 0
0.93499999999999983 0.94499999999999984 0.93999999999999984 1.7278320058928209e-24 0 0 0 295.08087008343267 0.00020957252596085787 0
0.94499999999999984 0.95499999999999985 0.94999999999999984 1.6979382958920422e-24 0 0 0 295.08087008343261 0.00020957252596085787 0
0.95499999999999985 0.96499999999999986 0.95999999999999985 1.6705816979632367e-24 0 0 0 295.08087008343256 0.00020957252596085789 0
0.96499999999999986 0.97499999999999976 0.96999999999999975 1.6470044243480023e-24 0 0 0 295.08087008343267 0.00020957252596085784 0
0.97499999999999976 0.98499999999999988 0.97999999999999976 1.6283061804401742e-24 0 0 0 295.08087008343267 0.00020957252596085787 0
0.98499999999999988 0.99499999999999977 0.98999999999999977 1.6152461464175826e-24 0 0 0 295.08087008343267 0.00020957252596085784 0
0.99499999999999977 1.0049999999999999 0.99999999999999978 1.6081088513822243e-24 0 0 0 295.08087008343261 0.00020957252596085787 0
1.0049999999999999 1.0149999999999999 1.0099999999999998 1.6066614320437755e-24 0 0 0 295.08087008343261 0.00020957252596085787 0
1.0149999999999999 1.0249999999999999 1.02 1.6102099049302804e-24 0 0 0 295.08087008343267 0.00020957252596085787 0
1.0249999999999999 1.0349999999999999 1.0299999999999998 1.6177398618502066e-24 0 0 0 295.08087008343256 0.00020957252596085789 0
1.0349999999999999 1.0449999999999999 1.04 1.628139317623452e-24 0 0 0 295.08087008343261 0.00020957252596085787 0
1.0449999999999999 1.0549999999999999 1.0499999999999998 1.6403449656964961e-24 0 0 0 295.08087008343261 0.00020957252596085787 0
1.0549999999999999 1.0649999999999997 1.0599999999999998 1.6534124402445514e-24 0 0 0 295.08087008343267 0.00020957252596085784 0
1.0649999999999997 1.075 1.0699999999999998 1.6668971565372419e-24 0 0 0 295.08087008343256 0.00020957252596085789 0
1.075 1.085 1.0800000000000001 1.6806421260623006e-24 0 0 0 295.08087008343267 0.00020957252596085787 0
1.085 1.0949999999999998 1.0899999999999999 1.6947641061979059e-24 0 0 0 295.08087008343261 0.00020957252596085784 0
1.0949999999999998 1.105 1.0999999999999999 1.7095318404168867e-24 0 0 0 295.08087008343261 0.00020957252596085787 0
1.105 1.115 1.1099999999999999 1.725222100037985e-24 0 0 0 295.08087008343261 0.00020957252596085787 0
1.115 1.1249999999999998 1.1199999999999999 1.7419873722647226e-24 0 0 0 295.08087008343256 0.00020957252596085789 0
1.1249999999999998 1.135 1.1299999999999999 1.7597630842249327e-24 0 0 0 295.08087008343256 0.00020957252596085787 0
1.135 1.145 1.1400000000000001 1.7782311150605555e-24 0 0 0 295.08087008343256 0.00020957252596085789 0
1.145 1.1549999999999998 1.1499999999999999 1.7968432173687208e-24 0 0 0 295.08087008343261 0.00020957252596085789 0
1.1549999999999998 1.165 1.1599999999999999 1.8148959443679779e-24 0 0 0 295.08087008343261 0.00020957252596085787 0
1.165 1.175 1.1699999999999999 1.8316400425368784e-24 0 0 0 295.08087008343261 0.00020957252596085787 0
1.175 1.1849999999999998 1.1799999999999999 1.8464449234599387e-24 0 0 0 295.08087008343256 0.00020957252596085789 0
1.1849999999999998 1.1950000000000001 1.1899999999999999 1.8587697207431286e-24 0 0 0 295.08087008343256 0.00020957252596085787 0
1.1950000000000001 1.2049999999999998 1.2 1.8683731109063659e-24 0 0 0 295.08087008343261 0.00020957252596085789 0
1.2049999999999998 1.2149999999999999 1.21 1.8754641198410534e-24 0 0 0 295.08087008343261 0.00020957252596085787 0
1.2149999999999999 1.2249999999999999 1.2199999999999998 1.8805350439028875e-24 0 0 0 295.08087008343261 0.00020957252596085787 0
1.2249999999999999 1.2349999999999999 1.23 1.8843913219449202e-24 0 0 0 295.08087008343261 0.00020957252596085787 0
1.2349999999999999 1.2449999999999999 1.2399999999999998 1.8880280445256847e-24 0 0 0 295.08087008343261 0.00020957252596085787 0
1.2449999999999999 1.2549999999999999 1.25 9.4534769322796912e-25 0 0 0 295.08087008343261 0.00010478626298043125 0
