# axial profiles of the pair BiI3_g -> BiI3_s, bin set native (rhoFixedFlowFoam, axialProfiles.H)
# time 60.000000000027363 directory 60 reason write time
# molarMass 0.58969380999999998
# axis (1 0 0) origin (0 0 0)
# nBins 126
# inventory gas 1.4004672702822655e-14 wall 6.7120598744549477e-13 sample 0
# binned gas 1.4004672702822658e-14 wall 6.7120598744549466e-13 sample 0
# outside gas 0 wall 0 sample 0
# observable wall
# fraction 0.001
# significance 1e-13 minimumAmount 6.852106601483175e-26
# Tdep fromInlet status found T 439.3017316616594 x 0.57005887012894152 peak 5.324972252737513e-11 xPeak 0.58999999999999997 threshold 5.324972252737513e-14 searchFrom 0.02
# Tdep fromPeak status found T 439.3017316616594 x 0.57005887012894152 peak 5.324972252737513e-11 xPeak 0.58999999999999997 threshold 5.324972252737513e-14
# Tpeak 381.18838674879396 K at x 0.58999999999999997 m; bin maximum of observable
# columns x_lo x_hi x gas wall sample observable Twall wallArea sampleGas
# units m m m mol/m mol/m mol/m mol/m K m2/m mol/m
-0.0050000000000000001 0.0049999999999999984 -8.6736173798840355e-19 3.945828825286884e-86 0 0 0 1154.3029933481153 0.00010478626298042891 0
0.0049999999999999984 0.014999999999999996 0.0099999999999999967 5.2011271140674511e-78 0 0 0 1154.0751671091152 0.00020957252596085787 0
0.014999999999999996 0.024999999999999994 0.019999999999999997 1.4570384226307005e-69 0 0 0 1137.3492539365648 0.00020957252596085787 0
0.024999999999999994 0.034999999999999996 0.029999999999999995 1.6350976312882906e-61 0 0 0 1105.8991822281505 0.00020957252596085787 0
0.034999999999999996 0.044999999999999991 0.039999999999999994 6.8037643537202215e-54 0 0 0 1083.6595823970874 0.00020957252596085784 0
0.044999999999999991 0.054999999999999993 0.049999999999999989 1.2004646226553944e-46 0 0 0 1078.1160586918081 0.00020957252596085787 0
0.054999999999999993 0.064999999999999988 0.059999999999999991 1.3877506349504354e-39 0 0 0 1087.5556937042809 0.00020957252596085784 0
0.064999999999999988 0.074999999999999983 0.069999999999999979 1.4985366329532678e-32 0 0 0 1100.178444172215 0.00020957252596085784 0
0.074999999999999983 0.084999999999999978 0.079999999999999988 1.8751286717012753e-25 0 0 0 1113.2761052641267 0.00020957252596085784 0
0.084999999999999978 0.094999999999999973 0.089999999999999969 4.0756208517495191e-21 0 0 0 1123.2979315916343 0.00020957252596085789 0
0.094999999999999973 0.10499999999999998 0.099999999999999978 4.2436900451737605e-20 0 0 0 1129.0604744628547 0.00020957252596085787 0
0.10499999999999998 0.11499999999999998 0.10999999999999999 8.2004809429237532e-20 0 0 0 1128.7776293686675 0.00020957252596085784 0
0.11499999999999998 0.12499999999999997 0.11999999999999997 8.9152632782493026e-20 0 0 0 1125.7455918681653 0.00020957252596085784 0
0.12499999999999997 0.13499999999999998 0.12999999999999998 1.0735763928548993e-19 0 0 0 1118.6423215303612 0.00020957252596085787 0
0.13499999999999998 0.14499999999999999 0.13999999999999999 1.3774254389219725e-19 0 0 0 1108.522667954044 0.00020957252596085787 0
0.14499999999999999 0.15499999999999997 0.14999999999999997 1.8556414402250839e-19 0 0 0 1095.0591749508471 0.00020957252596085789 0
0.15499999999999997 0.16499999999999995 0.15999999999999998 2.4911074892413647e-19 0 0 0 1079.257671662016 0.00020957252596085789 0
0.16499999999999995 0.17499999999999996 0.16999999999999996 3.1432650126480952e-19 0 0 0 1064.1559876029617 0.00020957252596085787 0
0.17499999999999996 0.18499999999999997 0.17999999999999997 3.7255927340681216e-19 0 0 0 1050.4715311774271 0.00020957252596085789 0
0.18499999999999997 0.19499999999999995 0.18999999999999995 4.2213350795766675e-19 0 0 0 1037.6050291666975 0.00020957252596085789 0
0.19499999999999995 0.20499999999999993 0.19999999999999996 4.5657767127157421e-19 0 0 0 1027.4841687306873 0.00020957252596085789 0
0.20499999999999993 0.21499999999999997 0.20999999999999996 4.850440251667714e-19 0 0 0 1017.4968248336899 0.00020957252596085787 0
0.21499999999999997 0.22499999999999998 0.21999999999999997 5.0628217022430111e-19 0 0 0 1008.0633157714999 0.00020957252596085787 0
0.22499999999999998 0.23499999999999996 0.22999999999999998 5.2190151476526829e-19 0 0 0 998.71857138371854 0.00020957252596085784 0
0.23499999999999996 0.24499999999999994 0.23999999999999994 5.3226893245191488e-19 0 0 0 989.0994094921133 0.00020957252596085789 0
0.24499999999999994 0.25499999999999995 0.24999999999999994 5.3781374429504361e-19 0 0 0 978.4407327678764 0.00020957252596085787 0
0.25499999999999995 0.26499999999999996 0.25999999999999995 5.3600574984169382e-19 0 0 0 964.88407318498685 0.00020957252596085789 0
0.26499999999999996 0.27499999999999997 0.26999999999999996 5.2279920734160777e-19 0 0 0 949.0898983628565 0.00020957252596085787 0
0.27499999999999997 0.28499999999999992 0.27999999999999992 4.9775222415472453e-19 0 0 0 932.69938138109853 0.00020957252596085787 0
0.28499999999999992 0.29499999999999998 0.28999999999999992 4.6191642332786837e-19 0 0 0 915.52308243748985 0.00020957252596085784 0
0.29499999999999998 0.30499999999999994 0.29999999999999993 4.2957008025053039e-19 0 0 0 899.07388358895014 0.00020957252596085787 0
0.30499999999999994 0.31499999999999995 0.30999999999999994 4.0846714812516392e-19 0 0 0 883.93101564845779 0.00020957252596085789 0
0.31499999999999995 0.3249999999999999 0.31999999999999995 4.2572762247665229e-19 0 0 0 867.55294873335606 0.00020957252596085787 0
0.3249999999999999 0.33499999999999991 0.3299999999999999 4.9488127878307701e-19 0 0 0 852.48797464742302 0.00020957252596085789 0
0.33499999999999991 0.34499999999999997 0.33999999999999997 5.6722668322787073e-19 0 0 0 838.01220693200582 0.00020957252596085787 0
0.34499999999999997 0.35499999999999993 0.34999999999999998 6.4293257128245447e-19 0 0 0 822.17480909935398 0.00020957252596085787 0
0.35499999999999993 0.36499999999999994 0.35999999999999993 7.1919025779378949e-19 0 0 0 806.07685407933207 0.00020957252596085787 0
0.36499999999999994 0.37499999999999994 0.36999999999999994 7.9662159314430925e-19 0 0 0 789.8648993267276 0.00020957252596085789 0
0.37499999999999994 0.38499999999999995 0.37999999999999995 8.759145626061436e-19 0 0 0 773.9046542577189 0.00020957252596085787 0
0.38499999999999995 0.39499999999999991 0.3899999999999999 1.0294447544974177e-18 0 0 0 757.10168742261544 0.00020957252596085784 0
0.39499999999999991 0.40499999999999992 0.39999999999999991 1.3817819752058346e-18 0 0 0 741.37263118118369 0.00020957252596085789 0
0.40499999999999992 0.41499999999999987 0.40999999999999992 2.1725225310489948e-18 0 0 0 725.8108267344993 0.00020957252596085787 0
0.41499999999999987 0.42499999999999993 0.41999999999999993 4.4354558343566141e-18 0 0 0 708.99038207436411 0.00020957252596085787 0
0.42499999999999993 0.43499999999999994 0.42999999999999994 1.1797049744007979e-17 0 0 0 692.73620113501295 0.00020957252596085787 0
0.43499999999999994 0.4449999999999999 0.43999999999999995 3.4850011985321846e-17 0 0 0 677.29203002981239 0.00020957252596085787 0
0.4449999999999999 0.45499999999999996 0.44999999999999996 1.2591367954327161e-16 0 0 0 661.08126588486505 0.00020957252596085787 0
0.45499999999999996 0.46499999999999991 0.45999999999999996 4.834802450336229e-16 0 0 0 645.37232587006963 0.00020957252596085787 0
0.46499999999999991 0.47499999999999992 0.46999999999999992 1.9777310582134041e-15 0 0 0 629.5440731931069 0.00020957252596085787 0
0.47499999999999992 0.48499999999999988 0.47999999999999987 7.323666748855377e-15 0 0 0 614.25458723633494 0.00020957252596085787 0
0.48499999999999988 0.49499999999999988 0.48999999999999988 2.4673458631450842e-14 0 0 0 596.61984419689952 0.00020957252596085787 0
0.49499999999999988 0.50499999999999989 0.49999999999999989 5.7036240269809284e-14 0 0 0 579.4979810490579 0.00020957252596085787 0
0.50499999999999989 0.5149999999999999 0.5099999999999999 9.5478038713508394e-14 0 0 0 561.10562484752484 0.00020957252596085789 0
0.5149999999999999 0.52499999999999991 0.51999999999999991 1.281426654261504e-13 0 0 0 542.97965913421581 0.00020957252596085787 0
0.52499999999999991 0.53499999999999992 0.52999999999999992 1.5045373614036248e-13 0 0 0 524.70914599862056 0.00020957252596085787 0
0.53499999999999992 0.54499999999999982 0.53999999999999981 1.6684530916239811e-13 0 0 0 504.35059107113005 0.00020957252596085784 0
0.54499999999999982 0.55499999999999994 0.54999999999999982 1.7876936937419417e-13 0 0 0 482.94306262595057 0.00020957252596085787 0
0.55499999999999994 0.56499999999999995 0.55999999999999994 1.8815017600759496e-13 0 0 0 462.58727864042032 0.00020957252596085787 0
0.56499999999999995 0.57499999999999984 0.56999999999999984 1.9622995514224642e-13 0 0 0 439.45996766129127 0.00020957252596085784 0
0.57499999999999984 0.58499999999999996 0.57999999999999985 1.7068037162820162e-13 9.0452872253928911e-12 0 9.0452872253928911e-12 412.58114091563544 0.00020957252596085787 0
0.58499999999999996 0.59499999999999997 0.58999999999999997 3.2416656466930839e-14 5.324972252737513e-11 0 5.324972252737513e-11 381.18838674879396 0.00020957252596085787 0
0.59499999999999997 0.60499999999999987 0.59999999999999987 1.5329772898819235e-15 4.6257401064175056e-12 0 4.6257401064175056e-12 351.80725966268182 0.00020957252596085784 0
0.60499999999999987 0.61499999999999988 0.60999999999999988 6.7319709117994755e-17 1.9107059803520785e-13 0 1.9107059803520785e-13 331.28641093522668 0.00020957252596085787 0
0.61499999999999988 0.62499999999999989 0.61999999999999988 5.5856901988507789e-18 7.6812022862543037e-15 0 7.6812022862543037e-15 319.31067391138714 0.00020957252596085787 0
0.62499999999999989 0.6349999999999999 0.62999999999999989 1.1282279666215228e-18 8.5977356249760089e-16 0 8.5977356249760089e-16 310.4627502418852 0.00020957252596085787 0
0.6349999999999999 0.64499999999999991 0.6399999999999999 4.8809283072664659e-19 1.47281131749476e-16 0 1.47281131749476e-16 305.94595738063458 0.00020957252596085789 0
0.64499999999999991 0.6549999999999998 0.64999999999999991 2.9990220816364348e-19 3.7483872309170097e-17 0 3.7483872309170097e-17 303.28223660758749 0.00020957252596085789 0
0.6549999999999998 0.66499999999999992 0.65999999999999992 1.9396036908434996e-19 2.3778622062167104e-17 0 2.3778622062167104e-17 300.8239364364635 0.00020957252596085787 0
0.66499999999999992 0.67499999999999982 0.66999999999999993 1.4993502419786843e-19 1.0918080114570113e-17 0 1.0918080114570113e-17 299.42951064465757 0.00020957252596085784 0
0.67499999999999982 0.68499999999999983 0.67999999999999983 1.3011687684142997e-19 4.5005426979223978e-18 0 4.5005426979223978e-18 298.66970242612064 0.00020957252596085787 0
0.68499999999999983 0.69499999999999995 0.68999999999999995 1.0704845957175865e-19 5.7857172100879866e-18 0 5.7857172100879866e-18 297.54003751970453 0.00020957252596085787 0
0.69499999999999995 0.70499999999999985 0.69999999999999996 9.6346003749950208e-20 1.5415881504591605e-18 0 1.5415881504591605e-18 297.02467953159623 0.00020957252596085784 0
0.70499999999999985 0.71499999999999986 0.70999999999999985 8.633262325214416e-20 3.0992500214804343e-18 0 3.0992500214804343e-18 296.41273104039601 0.00020957252596085789 0
0.71499999999999986 0.72499999999999987 0.71999999999999986 8.1871152946564765e-20 3.1886597506053219e-19 0 3.1886597506053219e-19 296.19272103057045 0.00020957252596085789 0
0.72499999999999987 0.73499999999999988 0.72999999999999987 7.3387202899911144e-20 2.6038095836611718e-18 0 2.6038095836611718e-18 295.68551196511629 0.00020957252596085787 0
0.73499999999999988 0.74499999999999988 0.73999999999999988 7.1692243136740812e-20 0 0 0 296.20986696230597 0.00020957252596085787 0
0.74499999999999988 0.75499999999999989 0.74999999999999989 7.1690536796980018e-20 0 0 0 296.20986696230597 0.00020957252596085787 0
0.75499999999999989 0.7649999999999999 0.7599999999999999 7.169050223448737e-20 0 0 0 296.20986696230597 0.00020957252596085787 0
0.7649999999999999 0.77499999999999991 0.76999999999999991 7.1690493998656104e-20 0 0 0 296.20986696230597 0.00020957252596085787 0
0.77499999999999991 0.78499999999999981 0.7799999999999998 7.1690486030618463e-20 0 0 0 296.20986696230591 0.00020957252596085789 0
0.78499999999999981 0.79499999999999982 0.78999999999999981 7.1690478065072674e-20 0 0 0 296.20986696230591 0.00020957252596085789 0
0.79499999999999982 0.80499999999999994 0.79999999999999982 7.1690470099526476e-20 0 0 0 296.20986696230602 0.00020957252596085787 0
0.80499999999999994 0.81499999999999984 0.80999999999999983 7.1690462133967976e-20 0 0 0 296.20986696230597 0.00020957252596085784 0
0.81499999999999984 0.82499999999999984 0.81999999999999984 7.1690454168415013e-20 0 0 0 296.20986696230591 0.00020957252596085789 0
0.82499999999999984 0.83499999999999974 0.82999999999999985 7.1690446187636419e-20 0 0 0 296.20986696230591 0.00020957252596085789 0
0.83499999999999974 0.84499999999999986 0.83999999999999986 7.169043814602646e-20 0 0 0 296.20986696230602 0.00020957252596085787 0
0.84499999999999986 0.85499999999999987 0.84999999999999987 7.1690430180444561e-20 0 0 0 296.20986696230597 0.00020957252596085787 0
0.85499999999999987 0.86499999999999977 0.85999999999999988 7.1690422214859062e-20 0 0 0 296.20986696230597 0.00020957252596085784 0
0.86499999999999977 0.87499999999999989 0.86999999999999988 7.1690414249266377e-20 0 0 0 296.20986696230597 0.00020957252596085787 0
0.87499999999999989 0.8849999999999999 0.87999999999999989 7.1690406283682009e-20 0 0 0 296.20986696230597 0.00020957252596085787 0
0.8849999999999999 0.8949999999999998 0.8899999999999999 7.1690398318093537e-20 0 0 0 296.20986696230597 0.00020957252596085789 0
0.8949999999999998 0.9049999999999998 0.8999999999999998 7.1690390352487659e-20 0 0 0 296.20986696230591 0.00020957252596085789 0
0.9049999999999998 0.91499999999999992 0.90999999999999992 7.1690382386872188e-20 0 0 0 296.20986696230602 0.00020957252596085787 0
0.91499999999999992 0.92499999999999982 0.91999999999999993 7.1690374421260196e-20 0 0 0 296.20986696230597 0.00020957252596085784 0
0.92499999999999982 0.93499999999999983 0.92999999999999983 7.1690366455639115e-20 0 0 0 296.20986696230597 0.00020957252596085787 0
0.93499999999999983 0.94499999999999984 0.93999999999999984 7.1690358490029145e-20 0 0 0 296.20986696230591 0.00020957252596085789 0
0.94499999999999984 0.95499999999999985 0.94999999999999984 7.1690350524412145e-20 0 0 0 296.20986696230597 0.00020957252596085789 0
0.95499999999999985 0.96499999999999986 0.95999999999999985 7.1690342558765799e-20 0 0 0 296.20986696230597 0.00020957252596085787 0
0.96499999999999986 0.97499999999999976 0.96999999999999975 7.169033459310236e-20 0 0 0 296.20986696230597 0.00020957252596085784 0
0.97499999999999976 0.98499999999999988 0.97999999999999976 7.1690326627448502e-20 0 0 0 296.20986696230602 0.00020957252596085787 0
0.98499999999999988 0.99499999999999977 0.98999999999999977 7.1690318661801988e-20 0 0 0 296.20986696230597 0.00020957252596085784 0
0.99499999999999977 1.0049999999999999 0.99999999999999978 7.169031069615859e-20 0 0 0 296.20986696230597 0.00020957252596085789 0
1.0049999999999999 1.0149999999999999 1.0099999999999998 7.1690302730520971e-20 0 0 0 296.20986696230591 0.00020957252596085789 0
1.0149999999999999 1.0249999999999999 1.02 7.1690294764890381e-20 0 0 0 296.20986696230591 0.00020957252596085789 0
1.0249999999999999 1.0349999999999999 1.0299999999999998 7.1690286799235043e-20 0 0 0 296.20986696230602 0.00020957252596085781 0
1.0349999999999999 1.0449999999999999 1.04 7.1690278803169657e-20 0 0 0 296.20986696230597 0.00020957252596085787 0
1.0449999999999999 1.0549999999999999 1.0499999999999998 7.1690270776706944e-20 0 0 0 296.20986696230597 0.00020957252596085787 0
1.0549999999999999 1.0649999999999997 1.0599999999999998 7.1690262811067339e-20 0 0 0 296.20986696230597 0.00020957252596085789 0
1.0649999999999997 1.075 1.0699999999999998 7.1690254845430129e-20 0 0 0 296.20986696230591 0.00020957252596085789 0
1.075 1.085 1.0800000000000001 7.169024687977703e-20 0 0 0 296.20986696230597 0.00020957252596085787 0
1.085 1.0949999999999998 1.0899999999999999 7.1690238914131983e-20 0 0 0 296.20986696230597 0.00020957252596085784 0
1.0949999999999998 1.105 1.0999999999999999 7.1690230948491499e-20 0 0 0 296.20986696230597 0.00020957252596085789 0
1.105 1.115 1.1099999999999999 7.1690222982862643e-20 0 0 0 296.20986696230597 0.00020957252596085789 0
1.115 1.1249999999999998 1.1199999999999999 7.169021501722642e-20 0 0 0 296.20986696230602 0.00020957252596085789 0
1.1249999999999998 1.135 1.1299999999999999 7.1690207051587416e-20 0 0 0 296.20986696230597 0.00020957252596085789 0
1.135 1.145 1.1400000000000001 7.1690199085932222e-20 0 0 0 296.20986696230597 0.00020957252596085787 0
1.145 1.1549999999999998 1.1499999999999999 7.1690191120277222e-20 0 0 0 296.20986696230602 0.00020957252596085784 0
1.1549999999999998 1.165 1.1599999999999999 7.169018315462216e-20 0 0 0 296.20986696230597 0.00020957252596085787 0
1.165 1.175 1.1699999999999999 7.1690175188956013e-20 0 0 0 296.20986696230591 0.00020957252596085789 0
1.175 1.1849999999999998 1.1799999999999999 7.169016722328794e-20 0 0 0 296.20986696230602 0.00020957252596085784 0
1.1849999999999998 1.1950000000000001 1.1899999999999999 7.1690159257621841e-20 0 0 0 296.20986696230597 0.00020957252596085787 0
1.1950000000000001 1.2049999999999998 1.2 7.1690151291960376e-20 0 0 0 296.20986696230602 0.00020957252596085784 0
1.2049999999999998 1.2149999999999999 1.21 7.1690143326295493e-20 0 0 0 296.20986696230597 0.00020957252596085787 0
1.2149999999999999 1.2249999999999999 1.2199999999999998 7.1690135360623556e-20 0 0 0 296.20986696230597 0.00020957252596085789 0
1.2249999999999999 1.2349999999999999 1.23 7.1690127394951041e-20 0 0 0 296.20986696230591 0.00020957252596085789 0
1.2349999999999999 1.2449999999999999 1.2399999999999998 7.1690119429289552e-20 0 0 0 296.20986696230597 0.00020957252596085789 0
1.2449999999999999 1.2549999999999999 1.25 3.5845056727524068e-20 0 0 0 296.20986696230597 0.00010478626298043125 0
