# axial profiles of the pair element_I -> I, bin set native (rhoFixedFlowFoam, axialProfiles.H)
# time 60.000000000027363 directory 60 reason write time
# molarMass 1
# axis (1 0 0) origin (0 0 0)
# nBins 126
# inventory gas 6.3307114810173676e-12 wall 1.0187679888576069e-10 sample 0
# binned gas 6.3307114810173676e-12 wall 1.0187679888576068e-10 sample 0
# outside gas 0 wall 0 sample 0
# observable wall
# fraction 0.001
# significance 1e-13 minimumAmount 1.0820751036677806e-23
# Tdep fromInlet status found T 596.59898203824969 x 0.4900121845143075 peak 4.2271154724976219e-09 xPeak 0.5099999999999999 threshold 4.227115472497622e-12 searchFrom 0.02
# Tdep fromPeak status found T 596.59898203824969 x 0.4900121845143075 peak 4.2271154724976219e-09 xPeak 0.5099999999999999 threshold 4.227115472497622e-12
# Tpeak 561.10562484752484 K at x 0.5099999999999999 m; bin maximum of observable
# columns x_lo x_hi x gas wall sample observable Twall wallArea sampleGas
# units m m m mol/m mol/m mol/m mol/m K m2/m mol/m
-0.0050000000000000001 0.0049999999999999984 -8.6736173798840355e-19 4.5750916899545983e-29 0 0 0 1154.3029933481153 0.00010478626298042891 0
0.0049999999999999984 0.014999999999999996 0.0099999999999999967 5.8299375484892244e-27 0 0 0 1154.0751671091152 0.00020957252596085787 0
0.014999999999999996 0.024999999999999994 0.019999999999999997 5.3047571987268455e-25 0 0 0 1137.3492539365648 0.00020957252596085787 0
0.024999999999999994 0.034999999999999996 0.029999999999999995 4.4177719870167996e-23 0 0 0 1105.8991822281505 0.00020957252596085787 0
0.034999999999999996 0.044999999999999991 0.039999999999999994 3.4269875715002399e-21 0 0 0 1083.6595823970874 0.00020957252596085784 0
0.044999999999999991 0.054999999999999993 0.049999999999999989 2.5418557886946129e-19 0 0 0 1078.1160586918081 0.00020957252596085787 0
0.054999999999999993 0.064999999999999988 0.059999999999999991 1.8626224467683578e-17 0 0 0 1087.5556937042809 0.00020957252596085784 0
0.064999999999999988 0.074999999999999983 0.069999999999999979 1.3742044652859007e-15 0 0 0 1100.178444172215 0.00020957252596085784 0
0.074999999999999983 0.084999999999999978 0.079999999999999988 1.0273742964060051e-13 0 0 0 1113.2761052641267 0.00020957252596085784 0
0.084999999999999978 0.094999999999999973 0.089999999999999969 3.0754068391640377e-12 0 0 0 1123.2979315916343 0.00020957252596085789 0
0.094999999999999973 0.10499999999999998 0.099999999999999978 8.8266778786201019e-12 0 0 0 1129.0604744628547 0.00020957252596085787 0
0.10499999999999998 0.11499999999999998 0.10999999999999999 1.1500297293619548e-11 0 0 0 1128.7776293686675 0.00020957252596085784 0
0.11499999999999998 0.12499999999999997 0.11999999999999997 1.1532132184700097e-11 0 0 0 1125.7455918681653 0.00020957252596085784 0
0.12499999999999997 0.13499999999999998 0.12999999999999998 1.1604604865784669e-11 0 0 0 1118.6423215303612 0.00020957252596085787 0
0.13499999999999998 0.14499999999999999 0.13999999999999999 1.1710099041461126e-11 0 0 0 1108.522667954044 0.00020957252596085787 0
0.14499999999999999 0.15499999999999997 0.14999999999999997 1.1854170224910313e-11 0 0 0 1095.0591749508471 0.00020957252596085789 0
0.15499999999999997 0.16499999999999995 0.15999999999999998 1.2027455440547464e-11 0 0 0 1079.257671662016 0.00020957252596085789 0
0.16499999999999995 0.17499999999999996 0.16999999999999996 1.2197909798829332e-11 0 0 0 1064.1559876029617 0.00020957252596085787 0
0.17499999999999996 0.18499999999999997 0.17999999999999997 1.2356842448095387e-11 0 0 0 1050.4715311774271 0.00020957252596085789 0
0.18499999999999997 0.19499999999999995 0.18999999999999995 1.250930621645741e-11 0 0 0 1037.6050291666975 0.00020957252596085789 0
0.19499999999999995 0.20499999999999993 0.19999999999999996 1.2633582358984817e-11 0 0 0 1027.4841687306873 0.00020957252596085789 0
0.20499999999999993 0.21499999999999997 0.20999999999999996 1.2757778648722528e-11 0 0 0 1017.4968248336899 0.00020957252596085787 0
0.21499999999999997 0.22499999999999998 0.21999999999999997 1.2876948311624583e-11 0 0 0 1008.0633157714999 0.00020957252596085787 0
0.22499999999999998 0.23499999999999996 0.22999999999999998 1.2997121344102194e-11 0 0 0 998.71857138371854 0.00020957252596085784 0
0.23499999999999996 0.24499999999999994 0.23999999999999994 1.3123733684896777e-11 0 0 0 989.0994094921133 0.00020957252596085789 0
0.24499999999999994 0.25499999999999995 0.24999999999999994 1.3267362985428974e-11 0 0 0 978.4407327678764 0.00020957252596085787 0
0.25499999999999995 0.26499999999999996 0.25999999999999995 1.3453111430566381e-11 0 0 0 964.88407318498685 0.00020957252596085789 0
0.26499999999999996 0.27499999999999997 0.26999999999999996 1.3675979081304801e-11 0 0 0 949.0898983628565 0.00020957252596085787 0
0.27499999999999997 0.28499999999999992 0.27999999999999992 1.391627851796729e-11 0 0 0 932.69938138109853 0.00020957252596085787 0
0.28499999999999992 0.29499999999999998 0.28999999999999992 1.4177380558492529e-11 0 0 0 915.52308243748985 0.00020957252596085784 0
0.29499999999999998 0.30499999999999994 0.29999999999999993 1.4441850690790221e-11 0 0 0 899.07388358895014 0.00020957252596085787 0
0.30499999999999994 0.31499999999999995 0.30999999999999994 1.4694226828735812e-11 0 0 0 883.93101564845779 0.00020957252596085789 0
0.31499999999999995 0.3249999999999999 0.31999999999999995 1.4969085125209321e-11 0 0 0 867.55294873335606 0.00020957252596085787 0
0.3249999999999999 0.33499999999999991 0.3299999999999999 1.5230959285014437e-11 0 0 0 852.48797464742302 0.00020957252596085789 0
0.33499999999999991 0.34499999999999997 0.33999999999999997 1.5493695320767672e-11 0 0 0 838.01220693200582 0.00020957252596085787 0
0.34499999999999997 0.35499999999999993 0.34999999999999998 1.5791647465677907e-11 0 0 0 822.17480909935398 0.00020957252596085787 0
0.35499999999999993 0.36499999999999994 0.35999999999999993 1.6106441985966927e-11 0 0 0 806.07685407933207 0.00020957252596085787 0
0.36499999999999994 0.37499999999999994 0.36999999999999994 1.6436398720069158e-11 0 0 0 789.8648993267276 0.00020957252596085789 0
0.37499999999999994 0.38499999999999995 0.37999999999999995 1.6775089318717509e-11 0 0 0 773.9046542577189 0.00020957252596085787 0
0.38499999999999995 0.39499999999999991 0.3899999999999999 1.7146300982486177e-11 0 0 0 757.10168742261544 0.00020957252596085784 0
0.39499999999999991 0.40499999999999992 0.39999999999999991 1.7510125627281542e-11 0 0 0 741.37263118118369 0.00020957252596085789 0
0.40499999999999992 0.41499999999999987 0.40999999999999992 1.7884816947778097e-11 0 0 0 725.8108267344993 0.00020957252596085787 0
0.41499999999999987 0.42499999999999993 0.41999999999999993 1.8306640361236881e-11 0 0 0 708.99038207436411 0.00020957252596085787 0
0.42499999999999993 0.43499999999999994 0.42999999999999994 1.8734898329524154e-11 0 0 0 692.73620113501295 0.00020957252596085787 0
0.43499999999999994 0.4449999999999999 0.43999999999999995 1.9162166058979814e-11 0 0 0 677.29203002981239 0.00020957252596085787 0
0.4449999999999999 0.45499999999999996 0.44999999999999996 1.9631984944005588e-11 0 0 0 661.08126588486505 0.00020957252596085787 0
0.45499999999999996 0.46499999999999991 0.45999999999999996 2.0110828014420497e-11 0 0 0 645.37232587006963 0.00020957252596085787 0
0.46499999999999991 0.47499999999999992 0.46999999999999992 2.0615362348164724e-11 0 0 0 629.5440731931069 0.00020957252596085787 0
0.47499999999999992 0.48499999999999988 0.47999999999999987 2.1115348925694654e-11 0 0 0 614.25458723633494 0.00020957252596085787 0
0.48499999999999988 0.49499999999999988 0.48999999999999988 2.1331711252972641e-11 0 0 0 596.61984419689952 0.00020957252596085787 0
0.49499999999999988 0.50499999999999989 0.49999999999999989 1.595576729113185e-11 3.4692523360137582e-09 0 3.4692523360137582e-09 579.4979810490579 0.00020957252596085787 0
0.50499999999999989 0.5149999999999999 0.5099999999999999 6.7279762017006304e-12 4.2271154724976219e-09 0 4.2271154724976219e-09 561.10562484752484 0.00020957252596085789 0
0.5149999999999999 0.52499999999999991 0.51999999999999991 2.5148223428586736e-12 1.5384719356146088e-09 0 1.5384719356146088e-09 542.97965913421581 0.00020957252596085787 0
0.52499999999999991 0.53499999999999992 0.52999999999999992 1.1640194908711336e-12 5.3527907813080278e-10 0 5.3527907813080278e-10 524.70914599862056 0.00020957252596085787 0
0.53499999999999992 0.54499999999999982 0.53999999999999981 6.8626036861067354e-13 1.6563376410683459e-10 0 1.6563376410683459e-10 504.35059107113005 0.00020957252596085784 0
0.54499999999999982 0.55499999999999994 0.54999999999999982 5.7714070051703746e-13 4.1054538153459897e-11 0 4.1054538153459897e-11 482.94306262595057 0.00020957252596085787 0
0.55499999999999994 0.56499999999999995 0.55999999999999994 5.7281866582311603e-13 7.8613591476359601e-12 0 7.8613591476359601e-12 462.58727864042032 0.00020957252596085787 0
0.56499999999999995 0.57499999999999984 0.56999999999999984 5.9012926027719506e-13 1.4514794189266173e-12 0 1.4514794189266173e-12 439.45996766129127 0.00020957252596085784 0
0.57499999999999984 0.58499999999999996 0.57999999999999985 5.1222446706825898e-13 2.7319957579768061e-11 0 2.7319957579768061e-11 412.58114091563544 0.00020957252596085787 0
0.58499999999999996 0.59499999999999997 0.58999999999999997 9.7263276183723531e-14 1.5976264271895392e-10 0 1.5976264271895392e-10 381.18838674879396 0.00020957252596085787 0
0.59499999999999997 0.60499999999999987 0.59999999999999987 4.5993652071979035e-15 1.3877763740435362e-11 0 1.3877763740435362e-11 351.80725966268182 0.00020957252596085784 0
0.60499999999999987 0.61499999999999988 0.60999999999999988 2.0197387411379321e-16 5.7322624132747054e-13 0 5.7322624132747054e-13 331.28641093522668 0.00020957252596085787 0
0.61499999999999988 0.62499999999999989 0.61999999999999988 1.6759813406438972e-17 2.3043943845166164e-14 0 2.3043943845166164e-14 319.31067391138714 0.00020957252596085787 0
0.62499999999999989 0.6349999999999999 0.62999999999999989 3.3870364270831426e-18 2.5793322461989452e-15 0 2.5793322461989452e-15 310.4627502418852 0.00020957252596085787 0
0.6349999999999999 0.64499999999999991 0.6399999999999999 1.4666273313568752e-18 4.418443789694258e-16 0 4.418443789694258e-16 305.94595738063458 0.00020957252596085789 0
0.64499999999999991 0.6549999999999998 0.64999999999999991 9.0206721354164041e-19 1.1245180887124112e-16 0 1.1245180887124112e-16 303.28223660758749 0.00020957252596085789 0
0.6549999999999998 0.66499999999999992 0.65999999999999992 5.8425611500724689e-19 7.1335973717592265e-17 0 7.1335973717592265e-17 300.8239364364635 0.00020957252596085787 0
0.66499999999999992 0.67499999999999982 0.66999999999999993 4.5218939033230997e-19 3.2754285807322778e-17 0 3.2754285807322778e-17 299.42951064465757 0.00020957252596085784 0
0.67499999999999982 0.68499999999999983 0.67999999999999983 3.9274035490309101e-19 1.3501645973206281e-17 0 1.3501645973206281e-17 298.66970242612064 0.00020957252596085787 0
0.68499999999999983 0.69499999999999995 0.68999999999999995 3.2354314453541043e-19 1.7357173630223379e-17 0 1.7357173630223379e-17 297.54003751970453 0.00020957252596085787 0
0.69499999999999995 0.70499999999999985 0.69999999999999996 2.914396923074025e-19 4.6247701575067327e-18 0 4.6247701575067327e-18 297.02467953159623 0.00020957252596085784 0
0.70499999999999985 0.71499999999999986 0.70999999999999985 2.6140400977143797e-19 9.2977611878381281e-18 0 9.2977611878381281e-18 296.41273104039601 0.00020957252596085789 0
0.71499999999999986 0.72499999999999987 0.71999999999999986 2.4802137065477836e-19 9.5659906749438138e-19 0 9.5659906749438138e-19 296.19272103057045 0.00020957252596085789 0
0.72499999999999987 0.73499999999999988 0.72999999999999987 2.2257319503140169e-19 7.8114377420752632e-18 0 7.8114377420752632e-18 295.68551196511629 0.00020957252596085787 0
0.73499999999999988 0.74499999999999988 0.73999999999999988 2.174842466811077e-19 0 0 0 296.20986696230597 0.00020957252596085787 0
0.74499999999999988 0.75499999999999989 0.74999999999999989 2.1747900881848303e-19 0 0 0 296.20986696230597 0.00020957252596085787 0
0.75499999999999989 0.7649999999999999 0.7599999999999999 2.1747890382831329e-19 0 0 0 296.20986696230597 0.00020957252596085787 0
0.7649999999999999 0.77499999999999991 0.76999999999999991 2.174788788443519e-19 0 0 0 296.20986696230597 0.00020957252596085787 0
0.77499999999999991 0.78499999999999981 0.7799999999999998 2.1747885467275671e-19 0 0 0 296.20986696230591 0.00020957252596085789 0
0.78499999999999981 0.79499999999999982 0.78999999999999981 2.1747883050841723e-19 0 0 0 296.20986696230591 0.00020957252596085789 0
0.79499999999999982 0.80499999999999994 0.79999999999999982 2.174788063438512e-19 0 0 0 296.20986696230602 0.00020957252596085787 0
0.80499999999999994 0.81499999999999984 0.80999999999999983 2.1747878217911055e-19 0 0 0 296.20986696230597 0.00020957252596085784 0
0.81499999999999984 0.82499999999999984 0.81999999999999984 2.1747875801433797e-19 0 0 0 296.20986696230591 0.00020957252596085789 0
0.82499999999999984 0.83499999999999974 0.82999999999999985 2.1747873380340966e-19 0 0 0 296.20986696230591 0.00020957252596085789 0
0.83499999999999974 0.84499999999999986 0.83999999999999986 2.1747870940804255e-19 0 0 0 296.20986696230602 0.00020957252596085787 0
0.84499999999999986 0.85499999999999987 0.84999999999999987 2.1747868524346179e-19 0 0 0 296.20986696230597 0.00020957252596085787 0
0.85499999999999987 0.86499999999999977 0.85999999999999988 2.1747866107902462e-19 0 0 0 296.20986696230597 0.00020957252596085784 0
0.86499999999999977 0.87499999999999989 0.86999999999999988 2.174786369147041e-19 0 0 0 296.20986696230597 0.00020957252596085787 0
0.87499999999999989 0.8849999999999999 0.87999999999999989 2.1747861275051132e-19 0 0 0 296.20986696230597 0.00020957252596085787 0
0.8849999999999999 0.8949999999999998 0.8899999999999999 2.1747858858636424e-19 0 0 0 296.20986696230597 0.00020957252596085789 0
0.8949999999999998 0.9049999999999998 0.8999999999999998 2.1747856442218119e-19 0 0 0 296.20986696230591 0.00020957252596085789 0
0.9049999999999998 0.91499999999999992 0.90999999999999992 2.1747854025795639e-19 0 0 0 296.20986696230602 0.00020957252596085787 0
0.91499999999999992 0.92499999999999982 0.91999999999999993 2.1747851609371594e-19 0 0 0 296.20986696230597 0.00020957252596085784 0
0.92499999999999982 0.93499999999999983 0.92999999999999983 2.1747849192942427e-19 0 0 0 296.20986696230597 0.00020957252596085787 0
0.93499999999999983 0.94499999999999984 0.93999999999999984 2.1747846776515835e-19 0 0 0 296.20986696230591 0.00020957252596085789 0
0.94499999999999984 0.95499999999999985 0.94999999999999984 2.1747844360088657e-19 0 0 0 296.20986696230597 0.00020957252596085789 0
0.95499999999999985 0.96499999999999986 0.95999999999999985 2.1747841943656894e-19 0 0 0 296.20986696230597 0.00020957252596085787 0
0.96499999999999986 0.97499999999999976 0.96999999999999975 2.174783952722724e-19 0 0 0 296.20986696230597 0.00020957252596085784 0
0.97499999999999976 0.98499999999999988 0.97999999999999976 2.174783711081114e-19 0 0 0 296.20986696230602 0.00020957252596085787 0
0.98499999999999988 0.99499999999999977 0.98999999999999977 2.1747834694412099e-19 0 0 0 296.20986696230597 0.00020957252596085784 0
0.99499999999999977 1.0049999999999999 0.99999999999999978 2.1747832278034835e-19 0 0 0 296.20986696230597 0.00020957252596085789 0
1.0049999999999999 1.0149999999999999 1.0099999999999998 2.1747829861689167e-19 0 0 0 296.20986696230591 0.00020957252596085789 0
1.0149999999999999 1.0249999999999999 1.02 2.1747827445389138e-19 0 0 0 296.20986696230591 0.00020957252596085789 0
1.0249999999999999 1.0349999999999999 1.0299999999999998 2.1747825029145206e-19 0 0 0 296.20986696230602 0.00020957252596085781 0
1.0349999999999999 1.0449999999999999 1.04 2.174782260376993e-19 0 0 0 296.20986696230597 0.00020957252596085787 0
1.0449999999999999 1.0549999999999999 1.0499999999999998 2.1747820169309061e-19 0 0 0 296.20986696230597 0.00020957252596085787 0
1.0549999999999999 1.0649999999999997 1.0599999999999998 2.1747817753482474e-19 0 0 0 296.20986696230597 0.00020957252596085789 0
1.0649999999999997 1.075 1.0699999999999998 2.1747815337909421e-19 0 0 0 296.20986696230591 0.00020957252596085789 0
1.075 1.085 1.0800000000000001 2.1747812922668191e-19 0 0 0 296.20986696230597 0.00020957252596085787 0
1.085 1.0949999999999998 1.0899999999999999 2.1747810507867421e-19 0 0 0 296.20986696230597 0.00020957252596085784 0
1.0949999999999998 1.105 1.0999999999999999 2.1747808093624709e-19 0 0 0 296.20986696230597 0.00020957252596085789 0
1.105 1.115 1.1099999999999999 2.1747805680076858e-19 0 0 0 296.20986696230597 0.00020957252596085789 0
1.115 1.1249999999999998 1.1199999999999999 2.1747803267365756e-19 0 0 0 296.20986696230602 0.00020957252596085789 0
1.1249999999999998 1.135 1.1299999999999999 2.1747800855648453e-19 0 0 0 296.20986696230597 0.00020957252596085789 0
1.135 1.145 1.1400000000000001 2.1747798445077969e-19 0 0 0 296.20986696230597 0.00020957252596085787 0
1.145 1.1549999999999998 1.1499999999999999 2.1747796035809376e-19 0 0 0 296.20986696230602 0.00020957252596085784 0
1.1549999999999998 1.165 1.1599999999999999 2.1747793627976024e-19 0 0 0 296.20986696230597 0.00020957252596085787 0
1.165 1.175 1.1699999999999999 2.174779122168095e-19 0 0 0 296.20986696230591 0.00020957252596085789 0
1.175 1.1849999999999998 1.1799999999999999 2.1747788816996128e-19 0 0 0 296.20986696230602 0.00020957252596085784 0
1.1849999999999998 1.1950000000000001 1.1899999999999999 2.1747786413945457e-19 0 0 0 296.20986696230597 0.00020957252596085787 0
1.1950000000000001 1.2049999999999998 1.2 2.1747784012498797e-19 0 0 0 296.20986696230602 0.00020957252596085784 0
1.2049999999999998 1.2149999999999999 1.21 2.1747781612563842e-19 0 0 0 296.20986696230597 0.00020957252596085787 0
1.2149999999999999 1.2249999999999999 1.2199999999999998 2.174777921398284e-19 0 0 0 296.20986696230597 0.00020957252596085789 0
1.2249999999999999 1.2349999999999999 1.23 2.1747776816470301e-19 0 0 0 296.20986696230591 0.00020957252596085789 0
1.2349999999999999 1.2449999999999999 1.2399999999999998 2.1747774418994899e-19 0 0 0 296.20986696230597 0.00020957252596085789 0
1.2449999999999999 1.2549999999999999 1.25 1.0873886309049545e-19 0 0 0 296.20986696230597 0.00010478626298043125 0
