# axial profiles of the pair BiI3_g -> BiI3_s, bin set native (rhoFixedFlowFoam, axialProfiles.H)
# time 60.000000000027363 directory 60 reason write time
# molarMass 0.58969380999999998
# axis (1 0 0) origin (0 0 0)
# nBins 126
# inventory gas 2.5435107895252846e-13 wall 1.0192064430557273e-11 sample 0
# binned gas 2.5435107895252851e-13 wall 1.0192064430557272e-11 sample 0
# outside gas 0 wall 0 sample 0
# observable wall
# fraction 0.001
# significance 1e-13 minimumAmount 1.0446415509509802e-24
# Tdep fromInlet status found T 458.79127875590535 x 0.57000999999999979 peak 5.5346894094009023e-10 xPeak 0.57999999999999985 threshold 5.5346894094009024e-13 searchFrom 0.02
# Tdep fromPeak status found T 458.79127875590535 x 0.57000999999999979 peak 5.5346894094009023e-10 xPeak 0.57999999999999985 threshold 5.5346894094009024e-13
# Tpeak 435.27060634505852 K at x 0.57999999999999985 m; bin maximum of observable
# columns x_lo x_hi x gas wall sample observable Twall wallArea sampleGas
# units m m m mol/m mol/m mol/m mol/m K m2/m mol/m
-0.0050000000000000001 0.0049999999999999984 -8.6736173798840355e-19 3.9128803959129967e-100 0 0 0 1057.818576867752 0.00010915235727128012 0
0.0049999999999999984 0.014999999999999996 0.0099999999999999967 2.2718656105432041e-91 0 0 0 1054.8439987529587 0.00021830471454256024 0
0.014999999999999996 0.024999999999999994 0.019999999999999997 5.5609719322395034e-83 0 0 0 1060.5909031727692 0.00021830471454256024 0
0.024999999999999994 0.034999999999999996 0.029999999999999995 1.2020405355177993e-74 0 0 0 1075.5101223922511 0.00021830471454256027 0
0.034999999999999996 0.044999999999999991 0.039999999999999994 2.9754637597971812e-66 0 0 0 1093.8727601659434 0.0002183047145425603 0
0.044999999999999991 0.054999999999999993 0.049999999999999989 9.2047650098745248e-58 0 0 0 1108.4494212777872 0.00021830471454256027 0
0.054999999999999993 0.064999999999999988 0.059999999999999991 4.6283306469962011e-49 0 0 0 1116.6107435227532 0.0002183047145425603 0
0.064999999999999988 0.074999999999999983 0.069999999999999979 1.0408307353683187e-38 0 0 0 1122.0898519273469 0.0002183047145425603 0
0.074999999999999983 0.084999999999999978 0.079999999999999988 1.835502327123686e-29 0 0 0 1123.0699122706415 0.00021830471454256032 0
0.084999999999999978 0.094999999999999973 0.089999999999999969 7.0213618086863162e-23 0 0 0 1121.2073920608993 0.0002183047145425603 3.6352638091427727e-23
0.094999999999999973 0.10499999999999998 0.099999999999999978 2.4007181202666738e-21 0 0 0 1115.9493773865493 0.00021830471454256027 1.0444425770386783e-21
0.10499999999999998 0.11499999999999998 0.10999999999999999 4.9253502679660944e-21 0 0 0 1105.4794478118326 0.00021830471454256032 0
0.11499999999999998 0.12499999999999997 0.11999999999999997 6.6423368075477175e-21 0 0 0 1093.7291307201465 0.00021830471454256032 0
0.12499999999999997 0.13499999999999998 0.12999999999999998 9.2438027978168986e-21 0 0 0 1079.6957188406473 0.00021830471454256032 0
0.13499999999999998 0.14499999999999999 0.13999999999999999 1.2488957252393005e-20 0 0 0 1066.3824785493437 0.00021830471454256027 0
0.14499999999999999 0.15499999999999997 0.14999999999999997 1.7336680028878255e-20 0 0 0 1051.09645986378 0.00021830471454256035 0
0.15499999999999997 0.16499999999999995 0.15999999999999998 2.1783541336510696e-20 0 0 0 1040.0891784269377 0.0002183047145425603 0
0.16499999999999995 0.17499999999999996 0.16999999999999996 2.6182919251744224e-20 0 0 0 1031.0396007705988 0.00021830471454256032 0
0.17499999999999996 0.18499999999999997 0.17999999999999997 3.1697348014426573e-20 0 0 0 1021.4229726987902 0.00021830471454256032 0
0.18499999999999997 0.19499999999999995 0.18999999999999995 3.7711023981032499e-20 0 0 0 1012.7486091026395 0.0002183047145425603 0
0.19499999999999995 0.20499999999999993 0.19999999999999996 4.4069690496956848e-20 0 0 0 1005.0988279868593 0.0002183047145425603 0
0.20499999999999993 0.21499999999999997 0.20999999999999996 5.2026843793943723e-20 0 0 0 996.98883093000757 0.00021830471454256035 0
0.21499999999999997 0.22499999999999998 0.21999999999999997 6.2171619733958225e-20 0 0 0 988.5679427659029 0.00021830471454256032 0
0.22499999999999998 0.23499999999999996 0.22999999999999998 7.6409746770504533e-20 0 0 0 979.3897486195616 0.0002183047145425603 0
0.23499999999999996 0.24499999999999994 0.23999999999999994 9.9037720360364882e-20 0 0 0 968.42630726728783 0.0002183047145425603 0
0.24499999999999994 0.25499999999999995 0.24999999999999994 1.4945350208497654e-19 0 0 0 952.55791495101869 0.00021830471454256038 0
0.25499999999999995 0.26499999999999996 0.25999999999999995 2.4613874502219316e-19 0 0 0 935.95732585981762 0.00021830471454256032 0
0.26499999999999996 0.27499999999999997 0.26999999999999996 4.2684054517160836e-19 0 0 0 920.0237952723013 0.00021830471454256027 0
0.27499999999999997 0.28499999999999992 0.27999999999999992 7.5732354283029265e-19 0 0 0 904.8296580120201 0.0002183047145425603 0
0.28499999999999992 0.29499999999999998 0.28999999999999992 1.3211753318371164e-18 0 0 0 891.26825631751819 0.0002183047145425603 0
0.29499999999999998 0.30499999999999994 0.29999999999999993 2.3350209698401902e-18 0 0 0 878.21190678915661 0.0002183047145425603 0
0.30499999999999994 0.31499999999999995 0.30999999999999994 4.6931813274183363e-18 0 0 0 863.59842334278653 0.00021830471454256027 0
0.31499999999999995 0.3249999999999999 0.31999999999999995 9.5682256673297366e-18 0 0 0 849.03887888660279 0.0002183047145425603 0
0.3249999999999999 0.33499999999999991 0.3299999999999999 1.7798369729394931e-17 0 0 0 836.74624142457503 0.00021830471454256027 0
0.33499999999999991 0.34499999999999997 0.33999999999999997 3.4515061868170467e-17 0 0 0 823.86125594604414 0.00021830471454256035 0
0.34499999999999997 0.35499999999999993 0.34999999999999998 7.5941549579033018e-17 0 0 0 809.23174245167388 0.0002183047145425603 0
0.35499999999999993 0.36499999999999994 0.35999999999999993 1.798292717935822e-16 0 0 0 793.87557680824796 0.00021830471454256027 0
0.36499999999999994 0.37499999999999994 0.36999999999999994 4.2892025030722053e-16 0 0 0 778.64763241371429 0.00021830471454256032 0
0.37499999999999994 0.38499999999999995 0.37999999999999995 1.0095234473546722e-15 0 0 0 763.37565809519526 0.00021830471454256027 0
0.38499999999999995 0.39499999999999991 0.3899999999999999 2.3722991636201139e-15 0 0 0 747.95521627288031 0.0002183047145425603 0
0.39499999999999991 0.40499999999999992 0.39999999999999991 5.6346061476603712e-15 0 0 0 732.03161982308063 0.00021830471454256027 0
0.40499999999999992 0.41499999999999987 0.40999999999999992 1.2470385465272385e-14 0 0 0 717.40589962110244 0.00021830471454256027 0
0.41499999999999987 0.42499999999999993 0.41999999999999993 2.6724484533546164e-14 0 0 0 702.82438710274619 0.00021830471454256035 0
0.42499999999999993 0.43499999999999994 0.42999999999999994 5.3813034792683286e-14 0 0 0 689.20380922982372 0.00021830471454256027 0
0.43499999999999994 0.4449999999999999 0.43999999999999995 1.1022665532328755e-13 0 0 0 673.54116140126087 0.0002183047145425603 0
0.4449999999999999 0.45499999999999996 0.44999999999999996 2.0293454485229036e-13 0 0 0 659.43644721818396 0.0002183047145425603 0
0.45499999999999996 0.46499999999999991 0.45999999999999996 3.4482864276656761e-13 0 0 0 646.12524636312094 0.0002183047145425603 0
0.46499999999999991 0.47499999999999992 0.46999999999999992 5.5668770990327903e-13 0 0 0 632.24651297145203 0.00021830471454256032 0
0.47499999999999992 0.48499999999999988 0.47999999999999987 8.1655416338526033e-13 0 0 0 618.92751785647522 0.0002183047145425603 0
0.48499999999999988 0.49499999999999988 0.48999999999999988 1.1685816493233804e-12 0 0 0 603.06309365065874 0.00021830471454256027 0
0.49499999999999988 0.50499999999999989 0.49999999999999989 1.548407300472604e-12 0 0 0 586.25512170131742 0.00021830471454256027 0
0.50499999999999989 0.5149999999999999 0.5099999999999999 1.9312376278221161e-12 0 0 0 567.36452340786286 0.00021830471454256027 0
0.5149999999999999 0.52499999999999991 0.51999999999999991 2.2398795575865679e-12 0 0 0 549.16073527267554 0.00021830471454256027 0
0.52499999999999991 0.53499999999999992 0.52999999999999992 2.4652921460742932e-12 0 0 0 532.58996477800815 0.00021830471454256027 0
0.53499999999999992 0.54499999999999982 0.53999999999999981 2.6673509548510961e-12 0 0 0 514.47376022586479 0.0002183047145425603 0
0.54499999999999982 0.55499999999999994 0.54999999999999982 2.8272593800466074e-12 0 0 0 497.34743461743307 0.00021830471454256032 0
0.55499999999999994 0.56499999999999995 0.55999999999999994 2.9847432120296637e-12 0 0 0 477.88432888184889 0.00021830471454256027 0
0.56499999999999995 0.57499999999999984 0.56999999999999984 3.0719328755985967e-12 0 0 0 458.81482297253285 0.00021830471454256032 0
0.57499999999999984 0.58499999999999996 0.57999999999999985 2.0733590161431379e-12 5.5346894094009023e-10 0 5.5346894094009023e-10 435.27060634505852 0.00021830471454256027 0
0.58499999999999996 0.59499999999999997 0.58999999999999997 3.0833180021724526e-13 4.281297655677324e-10 0 4.281297655677324e-10 405.25049347773387 0.00021830471454256027 0
0.59499999999999997 0.60499999999999987 0.59999999999999987 1.4259716025875926e-14 3.6276827687838685e-11 0 3.6276827687838685e-11 371.20521528846677 0.00021830471454256032 0
0.60499999999999987 0.61499999999999988 0.60999999999999988 4.3098816638878056e-16 1.292448984338686e-12 0 1.292448984338686e-12 342.59418462167622 0.00021830471454256027 0
0.61499999999999988 0.62499999999999989 0.61999999999999988 1.7129885150729893e-17 3.5733218281046286e-14 0 3.5733218281046286e-14 324.57493355604146 0.00021830471454256027 0
0.62499999999999989 0.6349999999999999 0.62999999999999989 2.8397306984384184e-18 2.0388629653070255e-15 0 2.0388629653070255e-15 315.3075035236177 0.00021830471454256027 0
0.6349999999999999 0.64499999999999991 0.6399999999999999 8.9776363970235968e-19 4.1245290588713433e-16 0 4.1245290588713433e-16 308.84982096248649 0.00021830471454256032 0
0.64499999999999991 0.6549999999999998 0.64999999999999991 5.0235259802133244e-19 9.7367962632860695e-17 0 9.7367962632860695e-17 305.95372971236628 0.0002183047145425603 0
0.6549999999999998 0.66499999999999992 0.65999999999999992 3.6710077746630234e-19 6.0259363158803968e-17 0 6.0259363158803968e-17 304.0695211624423 0.00021830471454256032 0
0.66499999999999992 0.67499999999999982 0.66999999999999993 2.881076265625285e-19 3.6379286996851496e-17 0 3.6379286996851496e-17 302.67868971444142 0.0002183047145425603 0
0.67499999999999982 0.68499999999999983 0.67999999999999983 2.2704061581122644e-19 2.9033539277097756e-17 0 2.9033539277097756e-17 301.30350129823671 0.00021830471454256027 0
0.68499999999999983 0.69499999999999995 0.68999999999999995 1.9028237999334684e-19 1.9180810459308589e-17 0 1.9180810459308589e-17 300.29809832560358 0.00021830471454256032 0
0.69499999999999995 0.70499999999999985 0.69999999999999996 1.4874675858589861e-19 1.8007695869774714e-17 0 1.8007695869774714e-17 298.96263450524378 0.0002183047145425603 0
0.70499999999999985 0.71499999999999986 0.70999999999999985 1.2425300395014297e-19 9.6127125485725947e-18 0 9.6127125485725947e-18 298.01855339335862 0.00021830471454256032 0
0.71499999999999986 0.72499999999999987 0.71999999999999986 1.1962637802568657e-19 1.0466796881696348e-18 0 1.0466796881696348e-18 298.23360690002579 0.00021830471454256027 0
0.72499999999999987 0.73499999999999988 0.72999999999999987 1.1915664297148103e-19 2.4192915876462077e-19 0 2.4192915876462077e-19 297.85616883745217 0.00021830471454256027 0
0.73499999999999988 0.74499999999999988 0.73999999999999988 1.1464118710974915e-19 3.6388124014275223e-18 0 3.6388124014275223e-18 297.59663951345186 0.00021830471454256027 0
0.74499999999999988 0.75499999999999989 0.74999999999999989 1.0982930089770091e-19 5.7277602615084928e-19 0 5.7277602615084928e-19 297.7160558822705 0.00021830471454256027 0
0.75499999999999989 0.7649999999999999 0.7599999999999999 1.0982929675188886e-19 0 0 0 297.73836443468713 0.00021830471454256027 0
0.7649999999999999 0.77499999999999991 0.76999999999999991 1.0982925833854936e-19 0 0 0 297.73836443468713 0.00021830471454256027 0
0.77499999999999991 0.78499999999999981 0.7799999999999998 1.0982924778006386e-19 0 0 0 297.73836443468707 0.00021830471454256032 0
0.78499999999999981 0.79499999999999982 0.78999999999999981 1.0982923732003093e-19 0 0 0 297.73836443468707 0.00021830471454256027 0
0.79499999999999982 0.80499999999999994 0.79999999999999982 1.0982922686028241e-19 0 0 0 297.73836443468713 0.00021830471454256032 0
0.80499999999999994 0.81499999999999984 0.80999999999999983 1.0982921640058854e-19 0 0 0 297.73836443468718 0.0002183047145425603 0
0.81499999999999984 0.82499999999999984 0.81999999999999984 1.0982920594091327e-19 0 0 0 297.73836443468707 0.00021830471454256027 0
0.82499999999999984 0.83499999999999974 0.82999999999999985 1.0982919548123325e-19 0 0 0 297.73836443468713 0.0002183047145425603 0
0.83499999999999974 0.84499999999999986 0.83999999999999986 1.0982918502153565e-19 0 0 0 297.73836443468713 0.00021830471454256032 0
0.84499999999999986 0.85499999999999987 0.84999999999999987 1.0982917456186156e-19 0 0 0 297.73836443468713 0.00021830471454256027 0
0.85499999999999987 0.86499999999999977 0.85999999999999988 1.098291641022195e-19 0 0 0 297.73836443468718 0.0002183047145425603 0
0.86499999999999977 0.87499999999999989 0.86999999999999988 1.0982915364256646e-19 0 0 0 297.73836443468713 0.00021830471454256032 0
0.87499999999999989 0.8849999999999999 0.87999999999999989 1.0982914318289226e-19 0 0 0 297.73836443468713 0.00021830471454256027 0
0.8849999999999999 0.8949999999999998 0.8899999999999999 1.0982913272316297e-19 0 0 0 297.73836443468713 0.0002183047145425603 0
0.8949999999999998 0.9049999999999998 0.8999999999999998 1.0982912224565851e-19 0 0 0 297.73836443468707 0.00021830471454256027 0
0.9049999999999998 0.91499999999999992 0.90999999999999992 1.0982911172380889e-19 0 0 0 297.73836443468713 0.00021830471454256027 0
0.91499999999999992 0.92499999999999982 0.91999999999999993 1.0982910126407448e-19 0 0 0 297.73836443468713 0.0002183047145425603 0
0.92499999999999982 0.93499999999999983 0.92999999999999983 1.0982909080433484e-19 0 0 0 297.73836443468707 0.00021830471454256032 0
0.93499999999999983 0.94499999999999984 0.93999999999999984 1.0982908034461735e-19 0 0 0 297.73836443468718 0.00021830471454256024 0
0.94499999999999984 0.95499999999999985 0.94999999999999984 1.0982906988492238e-19 0 0 0 297.73836443468713 0.00021830471454256027 0
0.95499999999999985 0.96499999999999986 0.95999999999999985 1.0982905942524143e-19 0 0 0 297.73836443468713 0.00021830471454256032 0
0.96499999999999986 0.97499999999999976 0.96999999999999975 1.0982904896556918e-19 0 0 0 297.73836443468718 0.0002183047145425603 0
0.97499999999999976 0.98499999999999988 0.97999999999999976 1.0982903850589746e-19 0 0 0 297.73836443468713 0.00021830471454256032 0
0.98499999999999988 0.99499999999999977 0.98999999999999977 1.0982902804619449e-19 0 0 0 297.73836443468713 0.0002183047145425603 0
0.99499999999999977 1.0049999999999999 0.99999999999999978 1.0982901758649515e-19 0 0 0 297.73836443468701 0.00021830471454256032 0
1.0049999999999999 1.0149999999999999 1.0099999999999998 1.0982900712679794e-19 0 0 0 297.73836443468707 0.00021830471454256027 0
1.0149999999999999 1.0249999999999999 1.02 1.0982899666712212e-19 0 0 0 297.73836443468713 0.00021830471454256027 0
1.0249999999999999 1.0349999999999999 1.0299999999999998 1.0982898620746116e-19 0 0 0 297.73836443468707 0.00021830471454256027 0
1.0349999999999999 1.0449999999999999 1.04 1.0982897572113161e-19 0 0 0 297.73836443468701 0.00021830471454256032 0
1.0449999999999999 1.0549999999999999 1.0499999999999998 1.0982896520819986e-19 0 0 0 297.73836443468713 0.00021830471454256027 0
1.0549999999999999 1.0649999999999997 1.0599999999999998 1.0982895474850194e-19 0 0 0 297.73836443468713 0.0002183047145425603 0
1.0649999999999997 1.075 1.0699999999999998 1.0982894428880641e-19 0 0 0 297.73836443468713 0.0002183047145425603 0
1.075 1.085 1.0800000000000001 1.0982893382911793e-19 0 0 0 297.73836443468713 0.00021830471454256027 0
1.085 1.0949999999999998 1.0899999999999999 1.0982892336940098e-19 0 0 0 297.73836443468713 0.0002183047145425603 0
1.0949999999999998 1.105 1.0999999999999999 1.0982891290966124e-19 0 0 0 297.73836443468718 0.00021830471454256027 0
1.105 1.115 1.1099999999999999 1.0982890244996836e-19 0 0 0 297.73836443468713 0.00021830471454256032 0
1.115 1.1249999999999998 1.1199999999999999 1.0982889199024384e-19 0 0 0 297.73836443468713 0.0002183047145425603 0
1.1249999999999998 1.135 1.1299999999999999 1.098288815304219e-19 0 0 0 297.73836443468713 0.0002183047145425603 0
1.135 1.145 1.1400000000000001 1.0982887107054145e-19 0 0 0 297.73836443468713 0.00021830471454256027 0
1.145 1.1549999999999998 1.1499999999999999 1.0982886061066484e-19 0 0 0 297.73836443468713 0.0002183047145425603 0
1.1549999999999998 1.165 1.1599999999999999 1.0982885015077474e-19 0 0 0 297.73836443468713 0.0002183047145425603 0
1.165 1.175 1.1699999999999999 1.0982883969088004e-19 0 0 0 297.73836443468713 0.00021830471454256032 0
1.175 1.1849999999999998 1.1799999999999999 1.0982882919550545e-19 0 0 0 297.73836443468713 0.0002183047145425603 0
1.1849999999999998 1.1950000000000001 1.1899999999999999 1.098288186912484e-19 0 0 0 297.73836443468718 0.0002183047145425603 0
1.1950000000000001 1.2049999999999998 1.2 1.0982880823131408e-19 0 0 0 297.73836443468707 0.00021830471454256035 0
1.2049999999999998 1.2149999999999999 1.21 1.0982879777138944e-19 0 0 0 297.73836443468713 0.00021830471454256027 0
1.2149999999999999 1.2249999999999999 1.2199999999999998 1.0982878731149756e-19 0 0 0 297.73836443468707 0.00021830471454256032 0
1.2249999999999999 1.2349999999999999 1.23 1.0982877685164051e-19 0 0 0 297.73836443468713 0.00021830471454256027 0
1.2349999999999999 1.2449999999999999 1.2399999999999998 1.0982876639183954e-19 0 0 0 297.73836443468713 0.00021830471454256032 0
1.2449999999999999 1.2549999999999999 1.25 5.4914379412131632e-20 0 0 0 297.73836443468718 0.00010915235727128256 0
