# axial profiles of the pair element_I -> I, bin set native (rhoFixedFlowFoam, axialProfiles.H)
# time 60.000000000027363 directory 60 reason write time
# molarMass 1
# axis (1 0 0) origin (0 0 0)
# nBins 126
# inventory gas 8.0989959749195626e-12 wall 1.0661065948156939e-10 sample 0
# binned gas 8.0989959749195626e-12 wall 1.0661065948156939e-10 sample 0
# outside gas 0 wall 0 sample 0
# observable wall
# fraction 0.001
# significance 1e-13 minimumAmount 1.1470965545648895e-23
# Tdep fromInlet status found T 602.7870035303215 x 0.49016426141188785 peak 4.144927900094767e-09 xPeak 0.5099999999999999 threshold 4.1449279000947673e-12 searchFrom 0.02
# Tdep fromPeak status found T 602.7870035303215 x 0.49016426141188785 peak 4.144927900094767e-09 xPeak 0.5099999999999999 threshold 4.1449279000947673e-12
# Tpeak 567.36452340786286 K at x 0.5099999999999999 m; bin maximum of observable
# columns x_lo x_hi x gas wall sample observable Twall wallArea sampleGas
# units m m m mol/m mol/m mol/m mol/m K m2/m mol/m
-0.0050000000000000001 0.0049999999999999984 -8.6736173798840355e-19 1.7277759042868523e-32 0 0 0 1057.818576867752 0.00010915235727128012 0
0.0049999999999999984 0.014999999999999996 0.0099999999999999967 3.2328566506934522e-30 0 0 0 1054.8439987529587 0.00021830471454256024 0
0.014999999999999996 0.024999999999999994 0.019999999999999997 4.97641779548632e-28 0 0 0 1060.5909031727692 0.00021830471454256024 0
0.024999999999999994 0.034999999999999996 0.029999999999999995 7.7909420593477488e-26 0 0 0 1075.5101223922511 0.00021830471454256027 0
0.034999999999999996 0.044999999999999991 0.039999999999999994 1.2592284678060116e-23 0 0 0 1093.8727601659434 0.0002183047145425603 0
0.044999999999999991 0.054999999999999993 0.049999999999999989 2.0947299027155535e-21 0 0 0 1108.4494212777872 0.00021830471454256027 0
0.054999999999999993 0.064999999999999988 0.059999999999999991 3.5659877018001228e-19 0 0 0 1116.6107435227532 0.0002183047145425603 0
0.064999999999999988 0.074999999999999983 0.069999999999999979 7.0178253240264258e-17 0 0 0 1122.0898519273469 0.0002183047145425603 0
0.074999999999999983 0.084999999999999978 0.079999999999999988 1.4612480789596119e-14 0 0 0 1123.0699122706415 0.00021830471454256032 0
0.084999999999999978 0.094999999999999973 0.089999999999999969 2.0382902078008733e-12 0 0 0 1121.2073920608993 0.0002183047145425603 8.9259668971483542e-13
0.094999999999999973 0.10499999999999998 0.099999999999999978 1.0891101661671032e-11 0 0 0 1115.9493773865493 0.00021830471454256027 4.9225234379339999e-12
0.10499999999999998 0.11499999999999998 0.10999999999999999 1.350709929835687e-11 0 0 0 1105.4794478118326 0.00021830471454256032 0
0.11499999999999998 0.12499999999999997 0.11999999999999997 1.3652206866789017e-11 0 0 0 1093.7291307201465 0.00021830471454256032 0
0.12499999999999997 0.13499999999999998 0.12999999999999998 1.3829564779040128e-11 0 0 0 1079.6957188406473 0.00021830471454256032 0
0.13499999999999998 0.14499999999999999 0.13999999999999999 1.4001930023582523e-11 0 0 0 1066.3824785493437 0.00021830471454256027 0
0.14499999999999999 0.15499999999999997 0.14999999999999997 1.4203960873566008e-11 0 0 0 1051.09645986378 0.00021830471454256035 0
0.15499999999999997 0.16499999999999995 0.15999999999999998 1.4355606429184048e-11 0 0 0 1040.0891784269377 0.0002183047145425603 0
0.16499999999999995 0.17499999999999996 0.16999999999999996 1.4482387252367652e-11 0 0 0 1031.0396007705988 0.00021830471454256032 0
0.17499999999999996 0.18499999999999997 0.17999999999999997 1.4618172530114462e-11 0 0 0 1021.4229726987902 0.00021830471454256032 0
0.18499999999999997 0.19499999999999995 0.18999999999999995 1.4743082308585784e-11 0 0 0 1012.7486091026395 0.0002183047145425603 0
0.19499999999999995 0.20499999999999993 0.19999999999999996 1.4856147215034489e-11 0 0 0 1005.0988279868593 0.0002183047145425603 0
0.20499999999999993 0.21499999999999997 0.20999999999999996 1.4976883536061375e-11 0 0 0 996.98883093000757 0.00021830471454256035 0
0.21499999999999997 0.22499999999999998 0.21999999999999997 1.5103813742489453e-11 0 0 0 988.5679427659029 0.00021830471454256032 0
0.22499999999999998 0.23499999999999996 0.22999999999999998 1.5245724805783052e-11 0 0 0 979.3897486195616 0.0002183047145425603 0
0.23499999999999996 0.24499999999999994 0.23999999999999994 1.5419314582339479e-11 0 0 0 968.42630726728783 0.0002183047145425603 0
0.24499999999999994 0.25499999999999995 0.24999999999999994 1.5673325200067489e-11 0 0 0 952.55791495101869 0.00021830471454256038 0
0.25499999999999995 0.26499999999999996 0.25999999999999995 1.5951232667692908e-11 0 0 0 935.95732585981762 0.00021830471454256032 0
0.26499999999999996 0.27499999999999997 0.26999999999999996 1.6227908739915755e-11 0 0 0 920.0237952723013 0.00021830471454256027 0
0.27499999999999997 0.28499999999999992 0.27999999999999992 1.6501054079293025e-11 0 0 0 904.8296580120201 0.0002183047145425603 0
0.28499999999999992 0.29499999999999998 0.28999999999999992 1.6752560929561624e-11 0 0 0 891.26825631751819 0.0002183047145425603 0
0.29499999999999998 0.30499999999999994 0.29999999999999993 1.7001300794262401e-11 0 0 0 878.21190678915661 0.0002183047145425603 0
0.30499999999999994 0.31499999999999995 0.30999999999999994 1.728732844808518e-11 0 0 0 863.59842334278653 0.00021830471454256027 0
0.31499999999999995 0.3249999999999999 0.31999999999999995 1.7584417528410736e-11 0 0 0 849.03887888660279 0.0002183047145425603 0
0.3249999999999999 0.33499999999999991 0.3299999999999999 1.7844372153284804e-11 0 0 0 836.74624142457503 0.00021830471454256027 0
0.33499999999999991 0.34499999999999997 0.33999999999999997 1.8123326993261763e-11 0 0 0 823.86125594604414 0.00021830471454256035 0
0.34499999999999997 0.35499999999999993 0.34999999999999998 1.8448189156600043e-11 0 0 0 809.23174245167388 0.0002183047145425603 0
0.35499999999999993 0.36499999999999994 0.35999999999999993 1.8804992098246773e-11 0 0 0 793.87557680824796 0.00021830471454256027 0
0.36499999999999994 0.37499999999999994 0.36999999999999994 1.9174007152026827e-11 0 0 0 778.64763241371429 0.00021830471454256032 0
0.37499999999999994 0.38499999999999995 0.37999999999999995 1.9558493835716962e-11 0 0 0 763.37565809519526 0.00021830471454256027 0
0.38499999999999995 0.39499999999999991 0.3899999999999999 1.9961602291684617e-11 0 0 0 747.95521627288031 0.0002183047145425603 0
0.39499999999999991 0.40499999999999992 0.39999999999999991 2.0393146814722497e-11 0 0 0 732.03161982308063 0.00021830471454256027 0
0.40499999999999992 0.41499999999999987 0.40999999999999992 2.0809314602678665e-11 0 0 0 717.40589962110244 0.00021830471454256027 0
0.41499999999999987 0.42499999999999993 0.41999999999999993 2.1240465441998654e-11 0 0 0 702.82438710274619 0.00021830471454256035 0
0.42499999999999993 0.43499999999999994 0.42999999999999994 2.16631580794033e-11 0 0 0 689.20380922982372 0.00021830471454256027 0
0.43499999999999994 0.4449999999999999 0.43999999999999995 2.2166050277905477e-11 0 0 0 673.54116140126087 0.0002183047145425603 0
0.4449999999999999 0.45499999999999996 0.44999999999999996 2.2638881793644477e-11 0 0 0 659.43644721818396 0.0002183047145425603 0
0.45499999999999996 0.46499999999999991 0.45999999999999996 2.3104012475547248e-11 0 0 0 646.12524636312094 0.0002183047145425603 0
0.46499999999999991 0.47499999999999992 0.46999999999999992 2.3611169884547898e-11 0 0 0 632.24651297145203 0.00021830471454256032 0
0.47499999999999992 0.48499999999999988 0.47999999999999987 2.4121468399622144e-11 0 0 0 618.92751785647522 0.0002183047145425603 0
0.48499999999999988 0.49499999999999988 0.48999999999999988 2.4732536977736452e-11 0 0 0 603.06309365065874 0.00021830471454256027 0
0.49499999999999988 0.50499999999999989 0.49999999999999989 2.4363027560960268e-11 2.5233728679512424e-10 0 2.5233728679512424e-10 586.25512170131742 0.00021830471454256027 0
0.50499999999999989 0.5149999999999999 0.5099999999999999 1.6651170205811973e-11 4.144927900094767e-09 0 4.144927900094767e-09 567.36452340786286 0.00021830471454256027 0
0.5149999999999999 0.52499999999999991 0.51999999999999991 1.1068512153271243e-11 2.1701433547469872e-09 0 2.1701433547469872e-09 549.16073527267554 0.00021830471454256027 0
0.52499999999999991 0.53499999999999992 0.52999999999999992 9.3096429840132859e-12 7.2329887512150738e-10 0 7.2329887512150738e-10 532.58996477800815 0.00021830471454256027 0
0.53499999999999992 0.54499999999999982 0.53999999999999981 8.7766990047127583e-12 2.2755406143640371e-10 0 2.2755406143640371e-10 514.47376022586479 0.0002183047145425603 0
0.54499999999999982 0.55499999999999994 0.54999999999999982 8.8278104733152015e-12 6.1909952393298255e-11 0 6.1909952393298255e-11 497.34743461743307 0.00021830471454256032 0
0.55499999999999994 0.56499999999999995 0.55999999999999994 9.1000223613954384e-12 1.8361783175533429e-11 0 1.8361783175533429e-11 477.88432888184889 0.00021830471454256027 0
0.56499999999999995 0.57499999999999984 0.56999999999999984 9.2778989272943119e-12 3.9533964976761129e-12 0 3.9533964976761129e-12 458.81482297253285 0.00021830471454256032 0
0.57499999999999984 0.58499999999999996 0.57999999999999985 6.2389172797698436e-12 1.6612712893485133e-09 0 1.6612712893485133e-09 435.27060634505852 0.00021830471454256027 0
0.58499999999999996 0.59499999999999997 0.58999999999999997 9.2687449727905909e-13 1.2844806350379113e-09 0 1.2844806350379113e-09 405.25049347773387 0.00021830471454256027 0
0.59499999999999997 0.60499999999999987 0.59999999999999987 4.2836048425853997e-14 1.0883460065600927e-10 0 1.0883460065600927e-10 371.20521528846677 0.00021830471454256032 0
0.60499999999999987 0.61499999999999988 0.60999999999999988 1.3026508242997355e-15 3.8774319119302332e-12 0 3.8774319119302332e-12 342.59418462167622 0.00021830471454256027 0
0.61499999999999988 0.62499999999999989 0.61999999999999988 6.1664166560303801e-17 1.0720093826566675e-13 0 1.0720093826566675e-13 324.57493355604146 0.00021830471454256027 0
0.62499999999999989 0.6349999999999999 0.62999999999999989 1.9013309067709063e-17 6.1166166250090831e-15 0 6.1166166250090831e-15 315.3075035236177 0.00021830471454256027 0
0.6349999999999999 0.64499999999999991 0.6399999999999999 1.2554320485440847e-17 1.2373609900134273e-15 0 1.2373609900134273e-15 308.84982096248649 0.00021830471454256032 0
0.64499999999999991 0.6549999999999998 0.64999999999999991 1.0497796185365237e-17 2.921041617503472e-16 0 2.921041617503472e-16 305.95372971236628 0.0002183047145425603 0
0.6549999999999998 0.66499999999999992 0.65999999999999992 9.7109749622120944e-18 1.8077823711458398e-16 0 1.8077823711458398e-16 304.0695211624423 0.00021830471454256032 0
0.66499999999999992 0.67499999999999982 0.66999999999999993 9.2457385947190425e-18 1.0913794498890165e-16 0 1.0913794498890165e-16 302.67868971444142 0.0002183047145425603 0
0.67499999999999982 0.68499999999999983 0.67999999999999983 8.8907570880605335e-18 8.7100679636248337e-17 0 8.7100679636248337e-17 301.30350129823671 0.00021830471454256027 0
0.68499999999999983 0.69499999999999995 0.68999999999999995 8.6819325008539361e-18 5.7542470163425731e-17 0 5.7542470163425731e-17 300.29809832560358 0.00021830471454256032 0
0.69499999999999995 0.70499999999999985 0.69999999999999996 8.4512627622345454e-18 5.4023121658992233e-17 0 5.4023121658992233e-17 298.96263450524378 0.0002183047145425603 0
0.70499999999999985 0.71499999999999986 0.70999999999999985 8.3150474956441104e-18 2.8838154593980389e-17 0 2.8838154593980389e-17 298.01855339335862 0.00021830471454256032 0
0.71499999999999986 0.72499999999999987 0.71999999999999986 8.2800494861265239e-18 3.1400408534915947e-18 0 3.1400408534915947e-18 298.23360690002579 0.00021830471454256027 0
0.72499999999999987 0.73499999999999988 0.72999999999999987 8.2852668894573598e-18 7.257877532370323e-19 0 7.257877532370323e-19 297.85616883745217 0.00021830471454256027 0
0.73499999999999988 0.74499999999999988 0.73999999999999988 8.2626906562285073e-18 1.0916443613833838e-17 0 1.0916443613833838e-17 297.59663951345186 0.00021830471454256027 0
0.74499999999999988 0.75499999999999989 0.74999999999999989 8.2295351379322744e-18 1.7183290873633959e-18 0 1.7183290873633959e-18 297.7160558822705 0.00021830471454256027 0
0.75499999999999989 0.7649999999999999 0.7599999999999999 8.2286194552811162e-18 0 0 0 297.73836443468713 0.00021830471454256027 0
0.7649999999999999 0.77499999999999991 0.76999999999999991 8.2286162113858515e-18 0 0 0 297.73836443468713 0.00021830471454256027 0
0.77499999999999991 0.78499999999999981 0.7799999999999998 8.2286154212987899e-18 0 0 0 297.73836443468707 0.00021830471454256032 0
0.78499999999999981 0.79499999999999982 0.78999999999999981 8.2286146369345259e-18 0 0 0 297.73836443468707 0.00021830471454256027 0
0.79499999999999982 0.80499999999999994 0.79999999999999982 8.2286138511522736e-18 0 0 0 297.73836443468713 0.00021830471454256032 0
0.80499999999999994 0.81499999999999984 0.80999999999999983 8.2286130644478322e-18 0 0 0 297.73836443468718 0.0002183047145425603 0
0.81499999999999984 0.82499999999999984 0.81999999999999984 8.2286122773658961e-18 0 0 0 297.73836443468707 0.00021830471454256027 0
0.82499999999999984 0.83499999999999974 0.82999999999999985 8.2286114903786172e-18 0 0 0 297.73836443468713 0.0002183047145425603 0
0.83499999999999974 0.84499999999999986 0.83999999999999986 8.2286107038125623e-18 0 0 0 297.73836443468713 0.00021830471454256032 0
0.84499999999999986 0.85499999999999987 0.84999999999999987 8.2286099178236069e-18 0 0 0 297.73836443468713 0.00021830471454256027 0
0.85499999999999987 0.86499999999999977 0.85999999999999988 8.2286091324058869e-18 0 0 0 297.73836443468718 0.0002183047145425603 0
0.86499999999999977 0.87499999999999989 0.86999999999999988 8.228608347442503e-18 0 0 0 297.73836443468713 0.00021830471454256032 0
0.87499999999999989 0.8849999999999999 0.87999999999999989 8.2286075627747171e-18 0 0 0 297.73836443468713 0.00021830471454256027 0
0.8849999999999999 0.8949999999999998 0.8899999999999999 8.2286067782574572e-18 0 0 0 297.73836443468713 0.0002183047145425603 0
0.8949999999999998 0.9049999999999998 0.8999999999999998 8.2286059924729015e-18 0 0 0 297.73836443468707 0.00021830471454256027 0
0.9049999999999998 0.91499999999999992 0.90999999999999992 8.2286052034058941e-18 0 0 0 297.73836443468713 0.00021830471454256027 0
0.91499999999999992 0.92499999999999982 0.91999999999999993 8.228604419083036e-18 0 0 0 297.73836443468713 0.0002183047145425603 0
0.92499999999999982 0.93499999999999983 0.92999999999999983 8.228603634928022e-18 0 0 0 297.73836443468707 0.00021830471454256032 0
0.93499999999999983 0.94499999999999984 0.93999999999999984 8.2286028510370313e-18 0 0 0 297.73836443468718 0.00021830471454256024 0
0.94499999999999984 0.95499999999999985 0.94999999999999984 8.2286020674889918e-18 0 0 0 297.73836443468713 0.00021830471454256027 0
0.95499999999999985 0.96499999999999986 0.95999999999999985 8.2286012843269441e-18 0 0 0 297.73836443468713 0.00021830471454256032 0
0.96499999999999986 0.97499999999999976 0.96999999999999975 8.2286005015467991e-18 0 0 0 297.73836443468718 0.0002183047145425603 0
0.97499999999999976 0.98499999999999988 0.97999999999999976 8.2285997190958248e-18 0 0 0 297.73836443468713 0.00021830471454256032 0
0.98499999999999988 0.99499999999999977 0.98999999999999977 8.228598936879649e-18 0 0 0 297.73836443468713 0.0002183047145425603 0
0.99499999999999977 1.0049999999999999 0.99999999999999978 8.2285981547809072e-18 0 0 0 297.73836443468701 0.00021830471454256032 0
1.0049999999999999 1.0149999999999999 1.0099999999999998 8.2285973726697255e-18 0 0 0 297.73836443468707 0.00021830471454256027 0
1.0149999999999999 1.0249999999999999 1.02 8.2285965904260475e-18 0 0 0 297.73836443468713 0.00021830471454256027 0
1.0249999999999999 1.0349999999999999 1.0299999999999998 8.2285958079505722e-18 0 0 0 297.73836443468707 0.00021830471454256027 0
1.0349999999999999 1.0449999999999999 1.04 8.2285950231816811e-18 0 0 0 297.73836443468701 0.00021830471454256032 0
1.0449999999999999 1.0549999999999999 1.0499999999999998 8.2285942361004754e-18 0 0 0 297.73836443468713 0.00021830471454256027 0
1.0549999999999999 1.0649999999999997 1.0599999999999998 8.2285934527091126e-18 0 0 0 297.73836443468713 0.0002183047145425603 0
1.0649999999999997 1.075 1.0699999999999998 8.2285926690860312e-18 0 0 0 297.73836443468713 0.0002183047145425603 0
1.075 1.085 1.0800000000000001 8.228591885324973e-18 0 0 0 297.73836443468713 0.00021830471454256027 0
1.085 1.0949999999999998 1.0899999999999999 8.2285911015385357e-18 0 0 0 297.73836443468713 0.0002183047145425603 0
1.0949999999999998 1.105 1.0999999999999999 8.2285903178542313e-18 0 0 0 297.73836443468718 0.00021830471454256027 0
1.105 1.115 1.1099999999999999 8.2285895344080581e-18 0 0 0 297.73836443468713 0.00021830471454256032 0
1.115 1.1249999999999998 1.1199999999999999 8.2285887513227903e-18 0 0 0 297.73836443468713 0.0002183047145425603 0
1.1249999999999998 1.135 1.1299999999999999 8.2285879687175089e-18 0 0 0 297.73836443468713 0.0002183047145425603 0
1.135 1.145 1.1400000000000001 8.2285871867133965e-18 0 0 0 297.73836443468713 0.00021830471454256027 0
1.145 1.1549999999999998 1.1499999999999999 8.2285864054337636e-18 0 0 0 297.73836443468713 0.0002183047145425603 0
1.1549999999999998 1.165 1.1599999999999999 8.2285856250005937e-18 0 0 0 297.73836443468713 0.0002183047145425603 0
1.165 1.175 1.1699999999999999 8.2285848455515248e-18 0 0 0 297.73836443468713 0.00021830471454256032 0
1.175 1.1849999999999998 1.1799999999999999 8.2285840646093317e-18 0 0 0 297.73836443468713 0.0002183047145425603 0
1.1849999999999998 1.1950000000000001 1.1899999999999999 8.2285832843550792e-18 0 0 0 297.73836443468718 0.0002183047145425603 0
1.1950000000000001 1.2049999999999998 1.2 8.22858250895766e-18 0 0 0 297.73836443468707 0.00021830471454256035 0
1.2049999999999998 1.2149999999999999 1.21 8.2285817353800797e-18 0 0 0 297.73836443468713 0.00021830471454256027 0
1.2149999999999999 1.2249999999999999 1.2199999999999998 8.2285809639171551e-18 0 0 0 297.73836443468707 0.00021830471454256032 0
1.2249999999999999 1.2349999999999999 1.23 8.2285801948190259e-18 0 0 0 297.73836443468713 0.00021830471454256027 0
1.2349999999999999 1.2449999999999999 1.2399999999999998 8.2285794275598902e-18 0 0 0 297.73836443468713 0.00021830471454256032 0
1.2449999999999999 1.2549999999999999 1.25 4.1142894354984263e-18 0 0 0 297.73836443468718 0.00010915235727128256 0
