# axial profiles of the pair PbI2_g -> PbI2_s, bin set native (rhoFixedFlowFoam, axialProfiles.H)
# time 60.000000000027363 directory 60 reason write time
# molarMass 0.46100893999999998
# axis (1 0 0) origin (0 0 0)
# nBins 126
# inventory gas 2.175564292285971e-12 wall 3.8017233094948787e-11 sample 0
# binned gas 2.175564292285971e-12 wall 3.801723309494878e-11 sample 0
# outside gas 0 wall 0 sample 0
# observable wall
# fraction 0.001
# significance 1e-13 minimumAmount 4.0192797387234759e-24
# Tdep fromInlet status found T 602.7870035303215 x 0.49016426141188785 peak 2.0724639500473835e-09 xPeak 0.5099999999999999 threshold 2.0724639500473837e-12 searchFrom 0.02
# Tdep fromPeak status found T 602.7870035303215 x 0.49016426141188785 peak 2.0724639500473835e-09 xPeak 0.5099999999999999 threshold 2.0724639500473837e-12
# Tpeak 567.36452340786286 K at x 0.5099999999999999 m; bin maximum of observable
# columns x_lo x_hi x gas wall sample observable Twall wallArea sampleGas
# units m m m mol/m mol/m mol/m mol/m K m2/m mol/m
-0.0050000000000000001 0.0049999999999999984 -8.6736173798840355e-19 2.952767203393981e-73 0 0 0 1057.818576867752 0.00010915235727128012 0
0.0049999999999999984 0.014999999999999996 0.0099999999999999967 1.1484129154602167e-66 0 0 0 1054.8439987529587 0.00021830471454256024 0
0.014999999999999996 0.024999999999999994 0.019999999999999997 2.2740877376419497e-60 0 0 0 1060.5909031727692 0.00021830471454256024 0
0.024999999999999994 0.034999999999999996 0.029999999999999995 4.0520534934461854e-54 0 0 0 1075.5101223922511 0.00021830471454256027 0
0.034999999999999996 0.044999999999999991 0.039999999999999994 7.9651583316464392e-48 0 0 0 1093.8727601659434 0.0002183047145425603 0
0.044999999999999991 0.054999999999999993 0.049999999999999989 1.8553667504005772e-41 0 0 0 1108.4494212777872 0.00021830471454256027 0
0.054999999999999993 0.064999999999999988 0.059999999999999991 6.285816858957776e-35 0 0 0 1116.6107435227532 0.0002183047145425603 0
0.064999999999999988 0.074999999999999983 0.069999999999999979 1.8423631306255282e-27 0 0 0 1122.0898519273469 0.0002183047145425603 0
0.074999999999999983 0.084999999999999978 0.079999999999999988 2.029758313534163e-20 0 0 0 1123.0699122706415 0.00021830471454256032 0
0.084999999999999978 0.094999999999999973 0.089999999999999969 7.5091336294066448e-15 0 0 0 1121.2073920608993 0.0002183047145425603 3.8667445597085374e-15
0.094999999999999973 0.10499999999999998 0.099999999999999978 1.9906312982685088e-13 0 0 0 1115.9493773865493 0.00021830471454256027 8.6757388041229826e-14
0.10499999999999998 0.11499999999999998 0.10999999999999999 4.0576981620675484e-13 0 0 0 1105.4794478118326 0.00021830471454256032 0
0.11499999999999998 0.12499999999999997 0.11999999999999997 5.6559934427335598e-13 0 0 0 1093.7291307201465 0.00021830471454256032 0
0.12499999999999997 0.13499999999999998 0.12999999999999998 8.0675599634206354e-13 0 0 0 1079.6957188406473 0.00021830471454256032 0
0.13499999999999998 0.14499999999999999 0.13999999999999999 1.0972655369799066e-12 0 0 0 1066.3824785493437 0.00021830471454256027 0
0.14499999999999999 0.15499999999999997 0.14999999999999997 1.4972674922447133e-12 0 0 0 1051.09645986378 0.00021830471454256035 0
0.15499999999999997 0.16499999999999995 0.15999999999999998 1.8268950185175041e-12 0 0 0 1040.0891784269377 0.0002183047145425603 0
0.16499999999999995 0.17499999999999996 0.16999999999999996 2.1164085220410019e-12 0 0 0 1031.0396007705988 0.00021830471454256032 0
0.17499999999999996 0.18499999999999997 0.17999999999999997 2.4335576244405773e-12 0 0 0 1021.4229726987902 0.00021830471454256032 0
0.18499999999999997 0.19499999999999995 0.18999999999999995 2.726452679136178e-12 0 0 0 1012.7486091026395 0.0002183047145425603 0
0.19499999999999995 0.20499999999999993 0.19999999999999996 2.9887464149319846e-12 0 0 0 1005.0988279868593 0.0002183047145425603 0
0.20499999999999993 0.21499999999999997 0.20999999999999996 3.262961702357694e-12 0 0 0 996.98883093000757 0.00021830471454256035 0
0.21499999999999997 0.22499999999999998 0.21999999999999997 3.5410081514531441e-12 0 0 0 988.5679427659029 0.00021830471454256032 0
0.22499999999999998 0.23499999999999996 0.22999999999999998 3.8359831919024998e-12 0 0 0 979.3897486195616 0.0002183047145425603 0
0.23499999999999996 0.24499999999999994 0.23999999999999994 4.1726816355936662e-12 0 0 0 968.42630726728783 0.0002183047145425603 0
0.24499999999999994 0.25499999999999995 0.24999999999999994 4.6077054219981593e-12 0 0 0 952.55791495101869 0.00021830471454256038 0
0.25499999999999995 0.26499999999999996 0.25999999999999995 5.0037431242122466e-12 0 0 0 935.95732585981762 0.00021830471454256032 0
0.26499999999999996 0.27499999999999997 0.26999999999999996 5.3202456717037778e-12 0 0 0 920.0237952723013 0.00021830471454256027 0
0.27499999999999997 0.28499999999999992 0.27999999999999992 5.5702925806678609e-12 0 0 0 904.8296580120201 0.0002183047145425603 0
0.28499999999999992 0.29499999999999998 0.28999999999999992 5.7554500126419322e-12 0 0 0 891.26825631751819 0.0002183047145425603 0
0.29499999999999998 0.30499999999999994 0.29999999999999993 5.9074196184352601e-12 0 0 0 878.21190678915661 0.0002183047145425603 0
0.30499999999999994 0.31499999999999995 0.30999999999999994 6.0548910669401852e-12 0 0 0 863.59842334278653 0.00021830471454256027 0
0.31499999999999995 0.3249999999999999 0.31999999999999995 6.19028834385726e-12 0 0 0 849.03887888660279 0.0002183047145425603 0
0.3249999999999999 0.33499999999999991 0.3299999999999999 6.2987386232231206e-12 0 0 0 836.74624142457503 0.00021830471454256027 0
0.33499999999999991 0.34499999999999997 0.33999999999999997 6.4085462619744496e-12 0 0 0 823.86125594604414 0.00021830471454256035 0
0.34499999999999997 0.35499999999999993 0.34999999999999998 6.531099470571962e-12 0 0 0 809.23174245167388 0.0002183047145425603 0
0.35499999999999993 0.36499999999999994 0.35999999999999993 6.6620808833776888e-12 0 0 0 793.87557680824796 0.00021830471454256027 0
0.36499999999999994 0.37499999999999994 0.36999999999999994 6.7954180813526516e-12 0 0 0 778.64763241371429 0.00021830471454256032 0
0.37499999999999994 0.38499999999999995 0.37999999999999995 6.9331356519765784e-12 0 0 0 763.37565809519526 0.00021830471454256027 0
0.38499999999999995 0.39499999999999991 0.3899999999999999 7.0768090945809269e-12 0 0 0 747.95521627288031 0.0002183047145425603 0
0.39499999999999991 0.40499999999999992 0.39999999999999991 7.2302144778081076e-12 0 0 0 732.03161982308063 0.00021830471454256027 0
0.40499999999999992 0.41499999999999987 0.40999999999999992 7.3779614147239318e-12 0 0 0 717.40589962110244 0.00021830471454256027 0
0.41499999999999987 0.42499999999999993 0.41999999999999993 7.53093382424441e-12 0 0 0 702.82438710274619 0.00021830471454256035 0
0.42499999999999993 0.43499999999999994 0.42999999999999994 7.6808574850666695e-12 0 0 0 689.20380922982372 0.00021830471454256027 0
0.43499999999999994 0.4449999999999999 0.43999999999999995 7.8591980839494698e-12 0 0 0 673.54116140126087 0.0002183047145425603 0
0.4449999999999999 0.45499999999999996 0.44999999999999996 8.0268620457097857e-12 0 0 0 659.43644721818396 0.0002183047145425603 0
0.45499999999999996 0.46499999999999991 0.45999999999999996 8.1917878704404191e-12 0 0 0 646.12524636312094 0.0002183047145425603 0
0.46499999999999991 0.47499999999999992 0.46999999999999992 8.371610078667414e-12 0 0 0 632.24651297145203 0.00021830471454256032 0
0.47499999999999992 0.48499999999999988 0.47999999999999987 8.5524784006134124e-12 0 0 0 618.92751785647522 0.0002183047145425603 0
0.48499999999999988 0.49499999999999988 0.48999999999999988 8.7657805583631431e-12 0 0 0 603.06309365065874 0.00021830471454256027 0
0.49499999999999988 0.50499999999999989 0.49999999999999989 8.4779965518525433e-12 1.2616864339756214e-10 0 1.2616864339756214e-10 586.25512170131742 0.00021830471454256027 0
0.50499999999999989 0.5149999999999999 0.5099999999999999 4.4995852287684308e-12 2.0724639500473835e-09 0 2.0724639500473835e-09 567.36452340786286 0.00021830471454256027 0
0.5149999999999999 0.52499999999999991 0.51999999999999991 1.5816403828681823e-12 1.0850716773734936e-09 0 1.0850716773734936e-09 549.16073527267554 0.00021830471454256027 0
0.52499999999999991 0.53499999999999992 0.52999999999999992 5.7871838892385386e-13 3.6164943756075374e-10 0 3.6164943756075374e-10 532.58996477800815 0.00021830471454256027 0
0.53499999999999992 0.54499999999999982 0.53999999999999981 1.6889889036157936e-13 1.1377703071820187e-10 0 1.1377703071820187e-10 514.47376022586479 0.0002183047145425603 0
0.54499999999999982 0.55499999999999994 0.54999999999999982 4.8728947924782881e-14 3.0954976196649134e-11 0 3.0954976196649134e-11 497.34743461743307 0.00021830471454256032 0
0.55499999999999994 0.56499999999999995 0.55999999999999994 1.0952325036498704e-14 9.1808915877667146e-12 0 9.1808915877667146e-12 477.88432888184889 0.00021830471454256027 0
0.56499999999999995 0.57499999999999984 0.56999999999999984 2.1179660969014466e-15 1.9766982488380565e-12 0 1.9766982488380565e-12 458.81482297253285 0.00021830471454256032 0
0.57499999999999984 0.58499999999999996 0.57999999999999985 2.9524609387676154e-16 4.3223326412117351e-13 0 4.3223326412117351e-13 435.27060634505852 0.00021830471454256027 0
0.58499999999999996 0.59499999999999997 0.58999999999999997 2.114481607824981e-17 4.5669167356887572e-14 0 4.5669167356887572e-14 405.25049347773387 0.00021830471454256027 0
0.59499999999999997 0.60499999999999987 0.59999999999999987 5.8812486789731006e-19 2.0587962465896846e-15 0 2.0587962465896846e-15 371.20521528846677 0.00021830471454256032 0
0.60499999999999987 0.61499999999999988 0.60999999999999988 1.0255489758675218e-20 4.2479457087592851e-17 0 4.2479457087592851e-17 342.59418462167622 0.00021830471454256027 0
0.61499999999999988 0.62499999999999989 0.61999999999999988 1.7367191221717197e-22 6.4171126395791498e-19 0 6.4171126395791498e-19 324.57493355604146 0.00021830471454256027 0
0.62499999999999989 0.6349999999999999 0.62999999999999989 1.038826438188901e-23 1.3864544002901473e-20 0 1.3864544002901473e-20 315.3075035236177 0.00021830471454256027 0
0.6349999999999999 0.64499999999999991 0.6399999999999999 2.2172208641023155e-24 1.1361760122478704e-21 0 1.1361760122478704e-21 308.84982096248649 0.00021830471454256032 0
0.64499999999999991 0.6549999999999998 0.64999999999999991 1.051925325961828e-24 1.3692588255982732e-22 0 1.3692588255982732e-22 305.95372971236628 0.0002183047145425603 0
0.6549999999999998 0.66499999999999992 0.65999999999999992 7.168164950154542e-25 7.3819086050174884e-23 0 7.3819086050174884e-23 304.0695211624423 0.00021830471454256032 0
0.66499999999999992 0.67499999999999982 0.66999999999999993 5.2935479437480303e-25 4.1999173578398534e-23 0 4.1999173578398534e-23 302.67868971444142 0.0002183047145425603 0
0.67499999999999982 0.68499999999999983 0.67999999999999983 3.9336387100432797e-25 3.0902477535957664e-23 0 3.0902477535957664e-23 301.30350129823671 0.00021830471454256027 0
0.68499999999999983 0.69499999999999995 0.68999999999999995 3.1678135706622413e-25 1.9392749978984402e-23 0 1.9392749978984402e-23 300.29809832560358 0.00021830471454256032 0
0.69499999999999995 0.70499999999999985 0.69999999999999996 2.3408908531883199e-25 1.7024834037936551e-23 0 1.7024834037936551e-23 298.96263450524378 0.0002183047145425603 0
0.70499999999999985 0.71499999999999986 0.70999999999999985 1.8714890780038578e-25 8.4741313043759327e-24 0 8.4741313043759327e-24 298.01855339335862 0.00021830471454256032 0
0.71499999999999986 0.72499999999999987 0.71999999999999986 1.787591806660995e-25 8.94491345488943e-25 0 8.94491345488943e-25 298.23360690002579 0.00021830471454256027 0
0.72499999999999987 0.73499999999999988 0.72999999999999987 1.7785308068839236e-25 1.3847158503192024e-25 0 1.3847158503192024e-25 297.85616883745217 0.00021830471454256027 0
0.73499999999999988 0.74499999999999988 0.73999999999999988 1.6958308979494225e-25 3.2047756353585513e-24 0 3.2047756353585513e-24 297.59663951345186 0.00021830471454256027 0
0.74499999999999988 0.75499999999999989 0.74999999999999989 1.6079710479359613e-25 5.044554240844108e-25 0 5.044554240844108e-25 297.7160558822705 0.00021830471454256027 0
0.75499999999999989 0.7649999999999999 0.7599999999999999 1.6080281482514352e-25 0 0 0 297.73836443468713 0.00021830471454256027 0
0.7649999999999999 0.77499999999999991 0.76999999999999991 1.6080276055225951e-25 0 0 0 297.73836443468713 0.00021830471454256027 0
0.77499999999999991 0.78499999999999981 0.7799999999999998 1.6080274509422521e-25 0 0 0 297.73836443468707 0.00021830471454256032 0
0.78499999999999981 0.79499999999999982 0.78999999999999981 1.6080272977952123e-25 0 0 0 297.73836443468707 0.00021830471454256027 0
0.79499999999999982 0.80499999999999994 0.79999999999999982 1.6080271446523958e-25 0 0 0 297.73836443468713 0.00021830471454256032 0
0.80499999999999994 0.81499999999999984 0.80999999999999983 1.6080269915103748e-25 0 0 0 297.73836443468718 0.0002183047145425603 0
0.81499999999999984 0.82499999999999984 0.81999999999999984 1.6080268383686551e-25 0 0 0 297.73836443468707 0.00021830471454256027 0
0.82499999999999984 0.83499999999999974 0.82999999999999985 1.6080266852267836e-25 0 0 0 297.73836443468713 0.0002183047145425603 0
0.83499999999999974 0.84499999999999986 0.83999999999999986 1.6080265320845621e-25 0 0 0 297.73836443468713 0.00021830471454256032 0
0.84499999999999986 0.85499999999999987 0.84999999999999987 1.6080263789428757e-25 0 0 0 297.73836443468713 0.00021830471454256027 0
0.85499999999999987 0.86499999999999977 0.85999999999999988 1.6080262258016128e-25 0 0 0 297.73836443468718 0.0002183047145425603 0
0.86499999999999977 0.87499999999999989 0.86999999999999988 1.6080260726602135e-25 0 0 0 297.73836443468713 0.00021830471454256032 0
0.87499999999999989 0.8849999999999999 0.87999999999999989 1.6080259195183556e-25 0 0 0 297.73836443468713 0.00021830471454256027 0
0.8849999999999999 0.8949999999999998 0.8899999999999999 1.6080257663757457e-25 0 0 0 297.73836443468713 0.0002183047145425603 0
0.8949999999999998 0.9049999999999998 0.8999999999999998 1.6080256129730873e-25 0 0 0 297.73836443468707 0.00021830471454256027 0
0.9049999999999998 0.91499999999999992 0.90999999999999992 1.6080254589210358e-25 0 0 0 297.73836443468713 0.00021830471454256027 0
0.91499999999999992 0.92499999999999982 0.91999999999999993 1.6080253057784411e-25 0 0 0 297.73836443468713 0.0002183047145425603 0
0.92499999999999982 0.93499999999999983 0.92999999999999983 1.6080251526358199e-25 0 0 0 297.73836443468707 0.00021830471454256032 0
0.93499999999999983 0.94499999999999984 0.93999999999999984 1.6080249994935303e-25 0 0 0 297.73836443468718 0.00021830471454256024 0
0.94499999999999984 0.95499999999999985 0.94999999999999984 1.6080248463515153e-25 0 0 0 297.73836443468713 0.00021830471454256027 0
0.95499999999999985 0.96499999999999986 0.95999999999999985 1.6080246932097825e-25 0 0 0 297.73836443468713 0.00021830471454256032 0
0.96499999999999986 0.97499999999999976 0.96999999999999975 1.6080245400682225e-25 0 0 0 297.73836443468718 0.0002183047145425603 0
0.97499999999999976 0.98499999999999988 0.97999999999999976 1.6080243869265087e-25 0 0 0 297.73836443468713 0.00021830471454256032 0
0.98499999999999988 0.99499999999999977 0.98999999999999977 1.608024233784437e-25 0 0 0 297.73836443468713 0.0002183047145425603 0
0.99499999999999977 1.0049999999999999 0.99999999999999978 1.6080240806423639e-25 0 0 0 297.73836443468701 0.00021830471454256032 0
1.0049999999999999 1.0149999999999999 1.0099999999999998 1.6080239275003592e-25 0 0 0 297.73836443468707 0.00021830471454256027 0
1.0149999999999999 1.0249999999999999 1.02 1.6080237743587584e-25 0 0 0 297.73836443468713 0.00021830471454256027 0
1.0249999999999999 1.0349999999999999 1.0299999999999998 1.6080236212175129e-25 0 0 0 297.73836443468707 0.00021830471454256027 0
1.0349999999999999 1.0449999999999999 1.04 1.6080234676856395e-25 0 0 0 297.73836443468701 0.00021830471454256032 0
1.0449999999999999 1.0549999999999999 1.0499999999999998 1.6080233137640313e-25 0 0 0 297.73836443468713 0.00021830471454256027 0
1.0549999999999999 1.0649999999999997 1.0599999999999998 1.6080231606219137e-25 0 0 0 297.73836443468713 0.0002183047145425603 0
1.0649999999999997 1.075 1.0699999999999998 1.6080230074798585e-25 0 0 0 297.73836443468713 0.0002183047145425603 0
1.075 1.085 1.0800000000000001 1.6080228543379296e-25 0 0 0 297.73836443468713 0.00021830471454256027 0
1.085 1.0949999999999998 1.0899999999999999 1.608022701195555e-25 0 0 0 297.73836443468713 0.0002183047145425603 0
1.0949999999999998 1.105 1.0999999999999999 1.6080225480528159e-25 0 0 0 297.73836443468718 0.00021830471454256027 0
1.105 1.115 1.1099999999999999 1.6080223949107681e-25 0 0 0 297.73836443468713 0.00021830471454256032 0
1.115 1.1249999999999998 1.1199999999999999 1.6080222417682587e-25 0 0 0 297.73836443468713 0.0002183047145425603 0
1.1249999999999998 1.135 1.1299999999999999 1.608022088624317e-25 0 0 0 297.73836443468713 0.0002183047145425603 0
1.135 1.145 1.1400000000000001 1.6080219354795097e-25 0 0 0 297.73836443468713 0.00021830471454256027 0
1.145 1.1549999999999998 1.1499999999999999 1.6080217823349038e-25 0 0 0 297.73836443468713 0.0002183047145425603 0
1.1549999999999998 1.165 1.1599999999999999 1.6080216291900134e-25 0 0 0 297.73836443468713 0.0002183047145425603 0
1.165 1.175 1.1699999999999999 1.6080214760451736e-25 0 0 0 297.73836443468713 0.00021830471454256032 0
1.175 1.1849999999999998 1.1799999999999999 1.6080213223806938e-25 0 0 0 297.73836443468713 0.0002183047145425603 0
1.1849999999999998 1.1950000000000001 1.1899999999999999 1.6080211685862516e-25 0 0 0 297.73836443468718 0.0002183047145425603 0
1.1950000000000001 1.2049999999999998 1.2 1.6080210154408612e-25 0 0 0 297.73836443468707 0.00021830471454256035 0
1.2049999999999998 1.2149999999999999 1.21 1.6080208622954898e-25 0 0 0 297.73836443468713 0.00021830471454256027 0
1.2149999999999999 1.2249999999999999 1.2199999999999998 1.6080207091505356e-25 0 0 0 297.73836443468707 0.00021830471454256032 0
1.2249999999999999 1.2349999999999999 1.23 1.608020556006112e-25 0 0 0 297.73836443468713 0.00021830471454256027 0
1.2349999999999999 1.2449999999999999 1.2399999999999998 1.6080204028623025e-25 0 0 0 297.73836443468713 0.00021830471454256032 0
1.2449999999999999 1.2549999999999999 1.25 8.0401014603209568e-26 0 0 0 297.73836443468718 0.00010915235727128256 0
