# axial profiles of the pair element_I -> I, bin set native (rhoFixedFlowFoam, axialProfiles.H)
# time 60.000000000027363 directory 60 reason write time
# molarMass 1
# axis (1 0 0) origin (0 0 0)
# nBins 126
# inventory gas 9.1672370789243735e-11 wall 4.7956220486075182e-09 sample 0
# binned gas 9.1672370789243735e-11 wall 4.7956220486075182e-09 sample 0
# outside gas 0 wall 0 sample 0
# observable wall
# fraction 0.001
# significance 1e-13 minimumAmount 4.8872944193967624e-22
# Tdep fromInlet status found T 668.14598123521068 x 0.34258507584157305 peak 1.5654547998575351e-07 xPeak 0.36999999999999994 threshold 1.5654547998575351e-10 searchFrom 0.02
# Tdep fromPeak status found T 668.14598123521068 x 0.34258507584157305 peak 1.5654547998575351e-07 xPeak 0.36999999999999994 threshold 1.5654547998575351e-10
# Tpeak 623.87813859893333 K at x 0.36999999999999994 m; bin maximum of observable
# columns x_lo x_hi x gas wall sample observable Twall wallArea sampleGas
# units m m m mol/m mol/m mol/m mol/m K m2/m mol/m
-0.0050000000000000001 0.0049999999999999984 -8.6736173798840355e-19 1.4549434671441222e-34 0 0 0 1124.6398688915374 0.00010478626298042893 0
0.0049999999999999984 0.014999999999999996 0.0099999999999999967 2.3428965248202716e-31 0 0 0 1124.6398688915374 0.00020957252596085787 0
0.014999999999999996 0.024999999999999994 0.019999999999999997 3.5602842418517072e-28 0 0 0 1123.2544391464862 0.00020957252596085787 0
0.024999999999999994 0.034999999999999996 0.029999999999999995 5.3003987986818721e-25 0 0 0 1113.8452806712346 0.00020957252596085787 0
0.034999999999999996 0.044999999999999991 0.039999999999999994 7.6607186566886775e-22 0 0 0 1102.0795144579361 0.00020957252596085784 0
0.044999999999999991 0.054999999999999993 0.049999999999999989 1.0703847956906195e-18 0 0 0 1089.8486244352205 0.00020957252596085787 0
0.054999999999999993 0.064999999999999988 0.059999999999999991 1.443370779315623e-15 0 0 0 1074.1906724507721 0.00020957252596085784 0
0.064999999999999988 0.074999999999999983 0.069999999999999979 2.5314939051710146e-12 0 0 0 1059.5504667350558 0.00020957252596085789 3.710500713725667e-13
0.074999999999999983 0.084999999999999978 0.079999999999999988 1.1017673170184398e-10 0 0 0 1046.3060721296572 0.00020957252596085784 5.6155775355962501e-11
0.084999999999999978 0.094999999999999973 0.089999999999999969 2.4158569209281624e-10 0 0 0 1035.0060569162681 0.00020957252596085789 7.2157631075815829e-11
0.094999999999999973 0.10499999999999998 0.099999999999999978 2.5744288849184434e-10 0 0 0 1024.9280498157236 0.00020957252596085789 0
0.10499999999999998 0.11499999999999998 0.10999999999999999 2.5976872173435467e-10 0 0 0 1015.5970488813163 0.00020957252596085784 0
0.11499999999999998 0.12499999999999997 0.11999999999999997 2.6188948469842607e-10 0 0 0 1007.3373110343156 0.00020957252596085789 0
0.12499999999999997 0.13499999999999998 0.12999999999999998 2.6406399807485463e-10 0 0 0 999.03002119211033 0.00020957252596085787 0
0.13499999999999998 0.14499999999999999 0.13999999999999999 2.6662863085955836e-10 0 0 0 989.43876210669373 0.00020957252596085787 0
0.14499999999999999 0.15499999999999997 0.14999999999999997 2.698489903024954e-10 0 0 0 977.60522328052082 0.00020957252596085784 0
0.15499999999999997 0.16499999999999995 0.15999999999999998 2.7419328534518166e-10 0 0 0 961.96823749868088 0.00020957252596085789 0
0.16499999999999995 0.17499999999999996 0.16999999999999996 2.7886570184779918e-10 0 0 0 945.81303676018683 0.00020957252596085789 0
0.17499999999999996 0.18499999999999997 0.17999999999999997 2.8423675487816835e-10 0 0 0 927.88530683086788 0.00020957252596085787 0
0.18499999999999997 0.19499999999999995 0.18999999999999995 2.89471361517739e-10 0 0 0 911.12737020745908 0.00020957252596085784 0
0.19499999999999995 0.20499999999999993 0.19999999999999996 2.9437191735812736e-10 0 0 0 895.99376448214218 0.00020957252596085784 0
0.20499999999999993 0.21499999999999997 0.20999999999999996 2.9867866980225277e-10 0 0 0 883.18557399041993 0.00020957252596085787 0
0.21499999999999997 0.22499999999999998 0.21999999999999997 3.0397084519467993e-10 0 0 0 867.7492476744078 0.00020957252596085787 0
0.22499999999999998 0.23499999999999996 0.22999999999999998 3.0945261039024282e-10 0 0 0 852.26543528744105 0.00020957252596085784 0
0.23499999999999996 0.24499999999999994 0.23999999999999994 3.1519883107051478e-10 0 0 0 836.71637584154337 0.00020957252596085784 0
0.24499999999999994 0.25499999999999995 0.24999999999999994 3.2162397993225186e-10 0 0 0 819.9770846136895 0.00020957252596085787 0
0.25499999999999995 0.26499999999999996 0.25999999999999995 3.2810160870858083e-10 0 0 0 803.78205101145534 0.00020957252596085789 0
0.26499999999999996 0.27499999999999997 0.26999999999999996 3.3495426498208889e-10 0 0 0 787.35496838943106 0.00020957252596085787 0
0.27499999999999997 0.28499999999999992 0.27999999999999992 3.4125499194573258e-10 0 0 0 772.89677486063545 0.00020957252596085787 0
0.28499999999999992 0.29499999999999998 0.28999999999999992 3.4977554059886262e-10 0 0 0 753.91570057253273 0.00020957252596085787 0
0.29499999999999998 0.30499999999999994 0.29999999999999993 3.5954496998797387e-10 0 0 0 733.33035581515742 0.00020957252596085787 0
0.30499999999999994 0.31499999999999995 0.30999999999999994 3.6638006505397096e-10 0 0 0 719.88793869008452 0.00020957252596085789 0
0.31499999999999995 0.3249999999999999 0.31999999999999995 3.7392874961159702e-10 0 0 0 705.25027951423385 0.00020957252596085787 0
0.3249999999999999 0.33499999999999991 0.3299999999999999 3.8346840510238345e-10 0 0 0 687.54661881238849 0.00020957252596085787 0
0.33499999999999991 0.34499999999999997 0.33999999999999997 3.9229326482616847e-10 0 0 0 672.14468972855252 0.00020957252596085787 0
0.34499999999999997 0.35499999999999993 0.34999999999999998 4.0017829563416682e-10 6.0557403178736853e-10 0 6.0557403178736853e-10 656.67625190156593 0.00020957252596085784 0
0.35499999999999993 0.36499999999999994 0.35999999999999993 3.2538113050567824e-10 1.564589195428436e-07 0 1.564589195428436e-07 639.57945571028472 0.00020957252596085789 0
0.36499999999999994 0.37499999999999994 0.36999999999999994 1.7110251757128416e-10 1.5654547998575351e-07 0 1.5654547998575351e-07 623.87813859893333 0.00020957252596085789 0
0.37499999999999994 0.38499999999999995 0.37999999999999995 8.2239524623965163e-11 9.0343809462431563e-08 0 9.0343809462431563e-08 607.83756628105982 0.00020957252596085787 0
0.38499999999999995 0.39499999999999991 0.3899999999999999 3.433003366834192e-11 4.4844272799203315e-08 0 4.4844272799203315e-08 590.1120930698595 0.00020957252596085787 0
0.39499999999999991 0.40499999999999992 0.39999999999999991 1.3117364381027289e-11 1.9738896480325596e-08 0 1.9738896480325596e-08 571.86142030093822 0.00020957252596085787 0
0.40499999999999992 0.41499999999999987 0.40999999999999992 4.9460897145648809e-12 6.9969265023029588e-09 0 6.9969265023029588e-09 555.47219158016526 0.00020957252596085787 0
0.41499999999999987 0.42499999999999993 0.41999999999999993 1.6584968049639801e-12 2.875984304259856e-09 0 2.875984304259856e-09 535.80624769632936 0.00020957252596085784 0
0.42499999999999993 0.43499999999999994 0.42999999999999994 4.4333288067870636e-13 8.5970147027693322e-10 0 8.5970147027693322e-10 515.77301489843046 0.00020957252596085787 0
0.43499999999999994 0.4449999999999999 0.43999999999999995 1.0832363839490037e-13 2.244162654712313e-10 0 2.244162654712313e-10 496.24387166615992 0.00020957252596085787 0
0.4449999999999999 0.45499999999999996 0.44999999999999996 2.3527820347974408e-14 5.5349234198506001e-11 0 5.5349234198506001e-11 475.5481237480962 0.00020957252596085787 0
0.45499999999999996 0.46499999999999991 0.45999999999999996 4.0013933622871219e-15 1.0939523034811356e-11 0 1.0939523034811356e-11 453.53567660966627 0.00020957252596085787 0
0.46499999999999991 0.47499999999999992 0.46999999999999992 4.99822659032456e-16 1.7253958865215868e-12 0 1.7253958865215868e-12 429.10790827235917 0.00020957252596085789 0
0.47499999999999992 0.48499999999999988 0.47999999999999987 4.3403561861110107e-17 1.9635937734291217e-13 0 1.9635937734291217e-13 397.12921905025797 0.00020957252596085787 0
0.48499999999999988 0.49499999999999988 0.48999999999999988 2.4716596562679329e-18 1.2806839810859575e-14 0 1.2806839810859575e-14 362.88980224943521 0.00020957252596085787 0
0.49499999999999988 0.50499999999999989 0.49999999999999989 1.2592334861810071e-19 6.6486761125460274e-16 0 6.6486761125460274e-16 338.50390372081199 0.00020957252596085787 0
0.50499999999999989 0.5149999999999999 0.5099999999999999 5.7857145382794679e-21 3.05356192000059e-17 0 3.05356192000059e-17 323.32817572063806 0.00020957252596085787 0
0.5149999999999999 0.52499999999999991 0.51999999999999991 2.537466975677088e-22 1.2980100501523826e-18 0 1.2980100501523826e-18 313.54259834341786 0.00020957252596085787 0
0.52499999999999991 0.53499999999999992 0.52999999999999992 1.527801337198408e-23 5.3672953405433926e-20 0 5.3672953405433926e-20 308.75991469641485 0.00020957252596085789 0
0.53499999999999992 0.54499999999999982 0.53999999999999981 4.2038757874938018e-24 2.9518695002012847e-21 0 2.9518695002012847e-21 305.50353630607628 0.00020957252596085784 0
0.54499999999999982 0.55499999999999994 0.54999999999999982 3.013412021926477e-24 4.1826281023207455e-22 0 4.1826281023207455e-22 303.07712142877648 0.00020957252596085787 0
0.55499999999999994 0.56499999999999995 0.55999999999999994 2.5475370810943704e-24 1.9885569683145627e-22 0 1.9885569683145627e-22 300.93117632900635 0.00020957252596085787 0
0.56499999999999995 0.57499999999999984 0.56999999999999984 2.325340021822925e-24 9.0643247991228257e-23 0 9.0643247991228257e-23 299.79276995006546 0.00020957252596085789 0
0.57499999999999984 0.58499999999999996 0.57999999999999985 2.1289400060372931e-24 6.1965539045819964e-23 0 6.1965539045819964e-23 298.54290816022012 0.00020957252596085787 0
0.58499999999999996 0.59499999999999997 0.58999999999999997 2.0140296121562935e-24 1.9129400611737639e-23 0 1.9129400611737639e-23 298.0936844391407 0.00020957252596085787 0
0.59499999999999997 0.60499999999999987 0.59999999999999987 1.9185647242515373e-24 3.0207070702986868e-23 0 3.0207070702986868e-23 297.42377004905057 0.00020957252596085784 0
0.60499999999999987 0.61499999999999988 0.60999999999999988 1.8626133676829828e-24 2.3913557163383322e-23 0 2.3913557163383322e-23 296.67367058098358 0.00020957252596085787 0
0.61499999999999988 0.62499999999999989 0.61999999999999988 1.8300613564114544e-24 7.9455925176149643e-24 0 7.9455925176149643e-24 296.65390094145289 0.00020957252596085787 0
0.62499999999999989 0.6349999999999999 0.62999999999999989 1.8283158974489559e-24 2.4990278481722574e-24 0 2.4990278481722574e-24 296.03438617401667 0.00020957252596085787 0
0.6349999999999999 0.64499999999999991 0.6399999999999999 1.8413451715527812e-24 8.4837583749024779e-26 0 8.4837583749024779e-26 296.03438617401662 0.00020957252596085789 0
0.64499999999999991 0.6549999999999998 0.64999999999999991 1.8589791496653039e-24 0 0 0 296.03438617401667 0.00020957252596085789 0
0.6549999999999998 0.66499999999999992 0.65999999999999992 1.8736115088791336e-24 4.3342409867403179e-24 0 4.3342409867403179e-24 295.96010806205311 0.00020957252596085787 0
0.66499999999999992 0.67499999999999982 0.66999999999999993 1.8734087383696591e-24 1.2837929937227141e-23 0 1.2837929937227141e-23 295.44009249150065 0.00020957252596085784 0
0.67499999999999982 0.68499999999999983 0.67999999999999983 1.8866242739034908e-24 5.3676016353451708e-24 0 5.3676016353451708e-24 295.51859626350699 0.00020957252596085787 0
0.68499999999999983 0.69499999999999995 0.68999999999999995 1.9099468685677874e-24 4.9150308721590772e-25 0 4.9150308721590772e-25 295.56756058800158 0.00020957252596085787 0
0.69499999999999995 0.70499999999999985 0.69999999999999996 1.9336210870626726e-24 5.7869223290748696e-26 0 5.7869223290748696e-26 295.44614423515139 0.00020957252596085784 0
0.70499999999999985 0.71499999999999986 0.70999999999999985 1.9528819831082438e-24 4.1138383274300167e-26 0 4.1138383274300167e-26 295.15732484114528 0.00020957252596085787 0
0.71499999999999986 0.72499999999999987 0.71999999999999986 1.9620654829510903e-24 2.0539967065160366e-27 0 2.0539967065160366e-27 295.08087008343256 0.00020957252596085789 0
0.72499999999999987 0.73499999999999988 0.72999999999999987 1.958161980529648e-24 4.9375789263515901e-29 0 4.9375789263515901e-29 295.08087008343261 0.00020957252596085787 0
0.73499999999999988 0.74499999999999988 0.73999999999999988 1.9405374971924794e-24 0 0 0 295.08087008343256 0.00020957252596085789 0
0.74499999999999988 0.75499999999999989 0.74999999999999989 1.9102925086881953e-24 0 0 0 295.08087008343256 0.00020957252596085787 0
0.75499999999999989 0.7649999999999999 0.7599999999999999 1.8707258946862374e-24 0 0 0 295.08087008343261 0.00020957252596085787 0
0.7649999999999999 0.77499999999999991 0.76999999999999991 1.8264355376035399e-24 0 0 0 295.08087008343261 0.00020957252596085787 0
0.77499999999999991 0.78499999999999981 0.7799999999999998 1.78323576802952e-24 0 0 0 295.08087008343261 0.00020957252596085789 0
0.78499999999999981 0.79499999999999982 0.78999999999999981 1.745219156056626e-24 0 0 0 295.08087008343261 0.00020957252596085789 0
0.79499999999999982 0.80499999999999994 0.79999999999999982 1.715101926109364e-24 0 0 0 295.08087008343267 0.00020957252596085787 0
0.80499999999999994 0.81499999999999984 0.80999999999999983 1.6935900514916802e-24 0 0 0 295.08087008343267 0.00020957252596085784 0
0.81499999999999984 0.82499999999999984 0.81999999999999984 1.6795291351406291e-24 0 0 0 295.08087008343261 0.00020957252596085787 0
0.82499999999999984 0.83499999999999974 0.82999999999999985 1.6704626029073006e-24 0 0 0 295.08087008343261 0.00020957252596085789 0
0.83499999999999974 0.84499999999999986 0.83999999999999986 1.6634061574595653e-24 0 0 0 295.08087008343261 0.00020957252596085787 0
0.84499999999999986 0.85499999999999987 0.84999999999999987 1.6556227149706918e-24 0 0 0 295.08087008343256 0.00020957252596085789 0
0.85499999999999987 0.86499999999999977 0.85999999999999988 1.6452180779616872e-24 0 0 0 295.08087008343267 0.00020957252596085784 0
0.86499999999999977 0.87499999999999989 0.86999999999999988 1.6314520613750566e-24 0 0 0 295.08087008343261 0.00020957252596085787 0
0.87499999999999989 0.8849999999999999 0.87999999999999989 1.6147452083022384e-24 0 0 0 295.08087008343261 0.00020957252596085789 0
0.8849999999999999 0.8949999999999998 0.8899999999999999 1.596433657766088e-24 0 0 0 295.08087008343261 0.00020957252596085789 0
0.8949999999999998 0.9049999999999998 0.8999999999999998 1.5783424876030228e-24 0 0 0 295.08087008343261 0.00020957252596085787 0
0.9049999999999998 0.91499999999999992 0.90999999999999992 1.5623912613771084e-24 0 0 0 295.08087008343261 0.00020957252596085787 0
0.91499999999999992 0.92499999999999982 0.91999999999999993 1.5503571879748185e-24 0 0 0 295.08087008343261 0.00020957252596085784 0
0.92499999999999982 0.93499999999999983 0.92999999999999983 1.5431397549153271e-24 0 0 0 295.08087008343256 0.00020957252596085789 0
0.93499999999999983 0.94499999999999984 0.93999999999999984 1.5410462277530924e-24 0 0 0 295.08087008343267 0.00020957252596085787 0
0.94499999999999984 0.95499999999999985 0.94999999999999984 1.5437148911538896e-24 0 0 0 295.08087008343261 0.00020957252596085787 0
0.95499999999999985 0.96499999999999986 0.95999999999999985 1.5502552149919413e-24 0 0 0 295.08087008343256 0.00020957252596085789 0
0.96499999999999986 0.97499999999999976 0.96999999999999975 1.5594500079681708e-24 0 0 0 295.08087008343267 0.00020957252596085784 0
0.97499999999999976 0.98499999999999988 0.97999999999999976 1.5699713981952069e-24 0 0 0 295.08087008343267 0.00020957252596085787 0
0.98499999999999988 0.99499999999999977 0.98999999999999977 1.5805709383450798e-24 0 0 0 295.08087008343267 0.00020957252596085784 0
0.99499999999999977 1.0049999999999999 0.99999999999999978 1.5902183303513055e-24 0 0 0 295.08087008343261 0.00020957252596085787 0
1.0049999999999999 1.0149999999999999 1.0099999999999998 1.5981789728838087e-24 0 0 0 295.08087008343261 0.00020957252596085787 0
1.0149999999999999 1.0249999999999999 1.02 1.6040341567762615e-24 0 0 0 295.08087008343267 0.00020957252596085787 0
1.0249999999999999 1.0349999999999999 1.0299999999999998 1.6076569440305509e-24 0 0 0 295.08087008343256 0.00020957252596085789 0
1.0349999999999999 1.0449999999999999 1.04 1.6091598583186079e-24 0 0 0 295.08087008343261 0.00020957252596085787 0
1.0449999999999999 1.0549999999999999 1.0499999999999998 1.6088201760609211e-24 0 0 0 295.08087008343261 0.00020957252596085787 0
1.0549999999999999 1.0649999999999997 1.0599999999999998 1.6070646919855919e-24 0 0 0 295.08087008343267 0.00020957252596085784 0
1.0649999999999997 1.075 1.0699999999999998 1.6043763387098249e-24 0 0 0 295.08087008343256 0.00020957252596085789 0
1.075 1.085 1.0800000000000001 1.6012556219643951e-24 0 0 0 295.08087008343267 0.00020957252596085787 0
1.085 1.0949999999999998 1.0899999999999999 1.5981990908525937e-24 0 0 0 295.08087008343261 0.00020957252596085784 0
1.0949999999999998 1.105 1.0999999999999999 1.5956782451202058e-24 0 0 0 295.08087008343261 0.00020957252596085787 0
1.105 1.115 1.1099999999999999 1.5941230948820631e-24 0 0 0 295.08087008343261 0.00020957252596085787 0
1.115 1.1249999999999998 1.1199999999999999 1.5939080572215176e-24 0 0 0 295.08087008343256 0.00020957252596085789 0
1.1249999999999998 1.135 1.1299999999999999 1.5953391239013392e-24 0 0 0 295.08087008343256 0.00020957252596085787 0
1.135 1.145 1.1400000000000001 1.5986424947108599e-24 0 0 0 295.08087008343256 0.00020957252596085789 0
1.145 1.1549999999999998 1.1499999999999999 1.603955819196787e-24 0 0 0 295.08087008343261 0.00020957252596085789 0
1.1549999999999998 1.165 1.1599999999999999 1.6113236403333398e-24 0 0 0 295.08087008343261 0.00020957252596085787 0
1.165 1.175 1.1699999999999999 1.6206985166780291e-24 0 0 0 295.08087008343261 0.00020957252596085787 0
1.175 1.1849999999999998 1.1799999999999999 1.6319925420068028e-24 0 0 0 295.08087008343256 0.00020957252596085789 0
1.1849999999999998 1.1950000000000001 1.1899999999999999 1.64498587559703e-24 0 0 0 295.08087008343256 0.00020957252596085787 0
1.1950000000000001 1.2049999999999998 1.2 1.6593440893524279e-24 0 0 0 295.08087008343261 0.00020957252596085789 0
1.2049999999999998 1.2149999999999999 1.21 1.6748298353356574e-24 0 0 0 295.08087008343261 0.00020957252596085787 0
1.2149999999999999 1.2249999999999999 1.2199999999999998 1.6911473995701938e-24 0 0 0 295.08087008343261 0.00020957252596085787 0
1.2249999999999999 1.2349999999999999 1.23 1.7080040852340659e-24 0 0 0 295.08087008343261 0.00020957252596085787 0
1.2349999999999999 1.2449999999999999 1.2399999999999998 1.7250025250891783e-24 0 0 0 295.08087008343261 0.00020957252596085787 0
1.2449999999999999 1.2549999999999999 1.25 8.6806549741336591e-25 0 0 0 295.08087008343261 0.00010478626298043125 0
