# axial profiles of the pair PbI2_g -> PbI2_s, bin set native (rhoFixedFlowFoam, axialProfiles.H)
# time 60.000000000027363 directory 60 reason write time
# molarMass 0.46100893999999998
# axis (1 0 0) origin (0 0 0)
# nBins 126
# inventory gas 1.0590948453380713e-12 wall 2.1951173291729707e-11 sample 0
# binned gas 1.0590948453380713e-12 wall 2.1951173291729707e-11 sample 0
# outside gas 0 wall 0 sample 0
# observable wall
# fraction 0.001
# significance 1e-13 minimumAmount 2.3010268137067784e-24
# Tdep fromInlet status found T 579.4795886928564 x 0.50000999999999984 peak 1.104153220094287e-09 xPeak 0.5099999999999999 threshold 1.104153220094287e-12 searchFrom 0.02
# Tdep fromPeak status found T 579.4795886928564 x 0.50000999999999984 peak 1.104153220094287e-09 xPeak 0.5099999999999999 threshold 1.104153220094287e-12
# Tpeak 561.10562484752484 K at x 0.5099999999999999 m; bin maximum of observable
# columns x_lo x_hi x gas wall sample observable Twall wallArea sampleGas
# units m m m mol/m mol/m mol/m mol/m K m2/m mol/m
-0.0050000000000000001 0.0049999999999999984 -8.6736173798840355e-19 2.8711154485679966e-64 0 0 0 1154.3029933481153 0.00010478626298042891 0
0.0049999999999999984 0.014999999999999996 0.0099999999999999967 4.6149642366761464e-58 0 0 0 1154.0751671091152 0.00020957252596085787 0
0.014999999999999996 0.024999999999999994 0.019999999999999997 1.1833613220447414e-51 0 0 0 1137.3492539365648 0.00020957252596085787 0
0.024999999999999994 0.034999999999999996 0.029999999999999995 1.4535389426419704e-45 0 0 0 1105.8991822281505 0.00020957252596085787 0
0.034999999999999996 0.044999999999999991 0.039999999999999994 8.1566554012614519e-40 0 0 0 1083.6595823970874 0.00020957252596085784 0
0.044999999999999991 0.054999999999999993 0.049999999999999989 2.3236169752237555e-34 0 0 0 1078.1160586918081 0.00020957252596085787 0
0.054999999999999993 0.064999999999999988 0.059999999999999991 4.7085440869846157e-29 0 0 0 1087.5556937042809 0.00020957252596085784 0
0.064999999999999988 0.074999999999999983 0.069999999999999979 8.9643404861387852e-24 0 0 0 1100.178444172215 0.00020957252596085784 0
0.074999999999999983 0.084999999999999978 0.079999999999999988 1.7239556594521116e-18 0 0 0 1113.2761052641267 0.00020957252596085784 0
0.084999999999999978 0.094999999999999973 0.089999999999999969 4.2631581686551704e-15 0 0 0 1123.2979315916343 0.00020957252596085789 0
0.094999999999999973 0.10499999999999998 0.099999999999999978 3.4348186928753407e-14 0 0 0 1129.0604744628547 0.00020957252596085787 0
0.10499999999999998 0.11499999999999998 0.10999999999999999 6.3451857383756771e-14 0 0 0 1128.7776293686675 0.00020957252596085784 0
0.11499999999999998 0.12499999999999997 0.11999999999999997 6.9947240080574379e-14 0 0 0 1125.7455918681653 0.00020957252596085784 0
0.12499999999999997 0.13499999999999998 0.12999999999999998 8.7521215294013437e-14 0 0 0 1118.6423215303612 0.00020957252596085787 0
0.13499999999999998 0.14499999999999999 0.13999999999999999 1.2062623149138137e-13 0 0 0 1108.522667954044 0.00020957252596085787 0
0.14499999999999999 0.15499999999999997 0.14999999999999997 1.8362897962096652e-13 0 0 0 1095.0591749508471 0.00020957252596085789 0
0.15499999999999997 0.16499999999999995 0.15999999999999998 2.876105311657205e-13 0 0 0 1079.257671662016 0.00020957252596085789 0
0.16499999999999995 0.17499999999999996 0.16999999999999996 4.3059532453208313e-13 0 0 0 1064.1559876029617 0.00020957252596085787 0
0.17499999999999996 0.18499999999999997 0.17999999999999997 5.9940092108732522e-13 0 0 0 1050.4715311774271 0.00020957252596085789 0
0.18499999999999997 0.19499999999999995 0.18999999999999995 7.9204462763561399e-13 0 0 0 1037.6050291666975 0.00020957252596085789 0
0.19499999999999995 0.20499999999999993 0.19999999999999996 9.6562579733571869e-13 0 0 0 1027.4841687306873 0.00020957252596085789 0
0.20499999999999993 0.21499999999999997 0.20999999999999996 1.1493688476130697e-12 0 0 0 1017.4968248336899 0.00020957252596085787 0
0.21499999999999997 0.22499999999999998 0.21999999999999997 1.3312248023175953e-12 0 0 0 1008.0633157714999 0.00020957252596085787 0
0.22499999999999998 0.23499999999999996 0.22999999999999998 1.515544446365371e-12 0 0 0 998.71857138371854 0.00020957252596085784 0
0.23499999999999996 0.24499999999999994 0.23999999999999994 1.7060553355761231e-12 0 0 0 989.0994094921133 0.00020957252596085789 0
0.24499999999999994 0.25499999999999995 0.24999999999999994 1.9133823124321043e-12 0 0 0 978.4407327678764 0.00020957252596085787 0
0.25499999999999995 0.26499999999999996 0.25999999999999995 2.1606795591418432e-12 0 0 0 964.88407318498685 0.00020957252596085789 0
0.26499999999999996 0.27499999999999997 0.26999999999999996 2.4187884088897794e-12 0 0 0 949.0898983628565 0.00020957252596085787 0
0.27499999999999997 0.28499999999999992 0.27999999999999992 2.6445164023731085e-12 0 0 0 932.69938138109853 0.00020957252596085787 0
0.28499999999999992 0.29499999999999998 0.28999999999999992 2.83424864010615e-12 0 0 0 915.52308243748985 0.00020957252596085784 0
0.29499999999999998 0.30499999999999994 0.29999999999999993 2.9779132789800434e-12 0 0 0 899.07388358895014 0.00020957252596085787 0
0.30499999999999994 0.31499999999999995 0.30999999999999994 3.0839653448490663e-12 0 0 0 883.93101564845779 0.00020957252596085789 0
0.31499999999999995 0.3249999999999999 0.31999999999999995 3.1791968506738745e-12 0 0 0 867.55294873335606 0.00020957252596085787 0
0.3249999999999999 0.33499999999999991 0.3299999999999999 3.2564482406745481e-12 0 0 0 852.48797464742302 0.00020957252596085789 0
0.33499999999999991 0.34499999999999997 0.33999999999999997 3.3248549230558193e-12 0 0 0 838.01220693200582 0.00020957252596085787 0
0.34499999999999997 0.35499999999999993 0.34999999999999998 3.3965328166387524e-12 0 0 0 822.17480909935398 0.00020957252596085787 0
0.35499999999999993 0.36499999999999994 0.35999999999999993 3.4687328062364482e-12 0 0 0 806.07685407933207 0.00020957252596085787 0
0.36499999999999994 0.37499999999999994 0.36999999999999994 3.5423602699553474e-12 0 0 0 789.8648993267276 0.00020957252596085789 0
0.37499999999999994 0.38499999999999995 0.37999999999999995 3.6168011809193747e-12 0 0 0 773.9046542577189 0.00020957252596085787 0
0.38499999999999995 0.39499999999999991 0.3899999999999999 3.6977129087605233e-12 0 0 0 757.10168742261544 0.00020957252596085784 0
0.39499999999999991 0.40499999999999992 0.39999999999999991 3.7767351715992395e-12 0 0 0 741.37263118118369 0.00020957252596085789 0
0.40499999999999992 0.41499999999999987 0.40999999999999992 3.8578794445234841e-12 0 0 0 725.8108267344993 0.00020957252596085787 0
0.41499999999999987 0.42499999999999993 0.41999999999999993 3.9490350305264077e-12 0 0 0 708.99038207436411 0.00020957252596085787 0
0.42499999999999993 0.43499999999999994 0.42999999999999994 4.0415535108614807e-12 0 0 0 692.73620113501295 0.00020957252596085787 0
0.43499999999999994 0.4449999999999999 0.43999999999999995 4.1338597985218701e-12 0 0 0 677.29203002981239 0.00020957252596085787 0
0.4449999999999999 0.45499999999999996 0.44999999999999996 4.2352942602753861e-12 0 0 0 661.08126588486505 0.00020957252596085787 0
0.45499999999999996 0.46499999999999991 0.45999999999999996 4.3386432937560466e-12 0 0 0 645.37232587006963 0.00020957252596085787 0
0.46499999999999991 0.47499999999999992 0.46999999999999992 4.4475996146314085e-12 0 0 0 629.5440731931069 0.00020957252596085787 0
0.47499999999999992 0.48499999999999988 0.47999999999999987 4.5583831404830015e-12 0 0 0 614.25458723633494 0.00020957252596085787 0
0.48499999999999988 0.49499999999999988 0.48999999999999988 4.6867700714575193e-12 0 0 0 596.61984419689952 0.00020957252596085787 0
0.49499999999999988 0.50499999999999989 0.49999999999999989 4.6775254518281297e-12 0 0 0 579.4979810490579 0.00020957252596085787 0
0.50499999999999989 0.5149999999999999 0.5099999999999999 2.9081310750704912e-12 1.104153220094287e-09 0 1.104153220094287e-09 561.10562484752484 0.00020957252596085789 0
0.5149999999999999 0.52499999999999991 0.51999999999999991 1.0061624635486982e-12 7.1851282838064788e-10 0 7.1851282838064788e-10 542.97965913421581 0.00020957252596085787 0
0.52499999999999991 0.53499999999999992 0.52999999999999992 3.3122744001683068e-13 2.6469586266817249e-10 0 2.6469586266817249e-10 524.70914599862056 0.00020957252596085787 0
0.53499999999999992 0.54499999999999982 0.53999999999999981 8.2845083024300895e-14 8.2524131169022677e-11 0 8.2524131169022677e-11 504.35059107113005 0.00020957252596085784 0
0.54499999999999982 0.55499999999999994 0.54999999999999982 1.692680888991536e-14 2.0483451006162329e-11 0 2.0483451006162329e-11 482.94306262595057 0.00020957252596085787 0
0.55499999999999994 0.56499999999999995 0.55999999999999994 3.0543262402966803e-15 3.9241534979446472e-12 0 3.9241534979446472e-12 462.58727864042032 0.00020957252596085787 0
0.56499999999999995 0.57499999999999984 0.56999999999999984 4.2469923490929127e-16 7.2473507813285356e-13 0 7.2473507813285356e-13 439.45996766129127 0.00020957252596085784 0
0.57499999999999984 0.58499999999999996 0.57999999999999985 3.8595101820984156e-17 9.1938006503583801e-14 0 9.1938006503583801e-14 412.58114091563544 0.00020957252596085787 0
0.58499999999999996 0.59499999999999997 0.58999999999999997 2.0227903955445226e-18 6.7304361653955503e-15 0 6.7304361653955503e-15 381.18838674879396 0.00020957252596085787 0
0.59499999999999997 0.60499999999999987 0.59999999999999987 5.9570619273658132e-20 2.7144428532252499e-16 0 2.7144428532252499e-16 351.80725966268182 0.00020957252596085784 0
0.60499999999999987 0.61499999999999988 0.60999999999999988 1.548605539921554e-21 7.2168305927305529e-18 0 7.2168305927305529e-18 331.28641093522668 0.00020957252596085787 0
0.61499999999999988 0.62499999999999989 0.61999999999999988 4.6633642649503909e-23 1.683423562124971e-19 0 1.683423562124971e-19 319.31067391138714 0.00020957252596085787 0
0.62499999999999989 0.6349999999999999 0.62999999999999989 3.5068955538498335e-24 5.7750319510363839e-21 0 5.7750319510363839e-21 310.4627502418852 0.00020957252596085787 0
0.6349999999999999 0.64499999999999991 0.6399999999999999 1.0625102693682716e-24 4.9155882474710428e-22 0 4.9155882474710428e-22 305.94595738063458 0.00020957252596085789 0
0.64499999999999991 0.6549999999999998 0.64999999999999991 5.7194668901323633e-25 9.5917062543951642e-23 0 9.5917062543951642e-23 303.28223660758749 0.00020957252596085789 0
0.6549999999999998 0.66499999999999992 0.65999999999999992 3.3236357238692306e-25 5.373513380896309e-23 0 5.373513380896309e-23 300.8239364364635 0.00020957252596085787 0
0.66499999999999992 0.67499999999999982 0.66999999999999993 2.4126650306245783e-25 2.2718948240700198e-23 0 2.2718948240700198e-23 299.42951064465757 0.00020957252596085784 0
0.67499999999999982 0.68499999999999983 0.67999999999999983 2.0250505855425129e-25 8.934646566020964e-24 0 8.934646566020964e-24 298.66970242612064 0.00020957252596085787 0
0.68499999999999983 0.69499999999999995 0.68999999999999995 1.5895063980524695e-25 1.0993730556900253e-23 0 1.0993730556900253e-23 297.54003751970453 0.00020957252596085787 0
0.69499999999999995 0.70499999999999985 0.69999999999999996 1.3944748818621833e-25 2.8514377976142169e-24 0 2.8514377976142169e-24 297.02467953159623 0.00020957252596085784 0
0.70499999999999985 0.71499999999999986 0.70999999999999985 1.2174232428238956e-25 5.5585169715022955e-24 0 5.5585169715022955e-24 296.41273104039601 0.00020957252596085789 0
0.71499999999999986 0.72499999999999987 0.71999999999999986 1.1399979391752314e-25 5.7082710483352593e-25 0 5.7082710483352593e-25 296.19272103057045 0.00020957252596085789 0
0.72499999999999987 0.73499999999999988 0.72999999999999987 9.9567170732015954e-26 4.492956201912728e-24 0 4.492956201912728e-24 295.68551196511629 0.00020957252596085787 0
0.73499999999999988 0.74499999999999988 0.73999999999999988 9.6756775615353356e-26 0 0 0 296.20986696230597 0.00020957252596085787 0
0.74499999999999988 0.75499999999999989 0.74999999999999989 9.6755084694678959e-26 0 0 0 296.20986696230597 0.00020957252596085787 0
0.75499999999999989 0.7649999999999999 0.7599999999999999 9.6755039469150735e-26 0 0 0 296.20986696230597 0.00020957252596085787 0
0.7649999999999999 0.77499999999999991 0.76999999999999991 9.6755028357375081e-26 0 0 0 296.20986696230597 0.00020957252596085787 0
0.77499999999999991 0.78499999999999981 0.7799999999999998 9.675501760355083e-26 0 0 0 296.20986696230591 0.00020957252596085789 0
0.78499999999999981 0.79499999999999982 0.78999999999999981 9.675500685307885e-26 0 0 0 296.20986696230591 0.00020957252596085789 0
0.79499999999999982 0.80499999999999994 0.79999999999999982 9.6754996102608788e-26 0 0 0 296.20986696230602 0.00020957252596085787 0
0.80499999999999994 0.81499999999999984 0.80999999999999983 9.6754985352123744e-26 0 0 0 296.20986696230597 0.00020957252596085784 0
0.81499999999999984 0.82499999999999984 0.81999999999999984 9.6754974601645428e-26 0 0 0 296.20986696230591 0.00020957252596085789 0
0.82499999999999984 0.83499999999999974 0.82999999999999985 9.6754963830616314e-26 0 0 0 296.20986696230591 0.00020957252596085789 0
0.83499999999999974 0.84499999999999986 0.83999999999999986 9.6754952977484406e-26 0 0 0 296.20986696230602 0.00020957252596085787 0
0.84499999999999986 0.85499999999999987 0.84999999999999987 9.6754942226971387e-26 0 0 0 296.20986696230597 0.00020957252596085787 0
0.85499999999999987 0.86499999999999977 0.85999999999999988 9.6754931476440736e-26 0 0 0 296.20986696230597 0.00020957252596085784 0
0.86499999999999977 0.87499999999999989 0.86999999999999988 9.6754920725897549e-26 0 0 0 296.20986696230597 0.00020957252596085787 0
0.87499999999999989 0.8849999999999999 0.87999999999999989 9.6754909975371754e-26 0 0 0 296.20986696230597 0.00020957252596085787 0
0.8849999999999999 0.8949999999999998 0.8899999999999999 9.675489922484403e-26 0 0 0 296.20986696230597 0.00020957252596085789 0
0.8949999999999998 0.9049999999999998 0.8999999999999998 9.6754888474288411e-26 0 0 0 296.20986696230591 0.00020957252596085789 0
0.9049999999999998 0.91499999999999992 0.90999999999999992 9.6754877723721428e-26 0 0 0 296.20986696230602 0.00020957252596085787 0
0.91499999999999992 0.92499999999999982 0.91999999999999993 9.6754866973163903e-26 0 0 0 296.20986696230597 0.00020957252596085784 0
0.92499999999999982 0.93499999999999983 0.92999999999999983 9.6754856222595255e-26 0 0 0 296.20986696230597 0.00020957252596085787 0
0.93499999999999983 0.94499999999999984 0.93999999999999984 9.6754845472039613e-26 0 0 0 296.20986696230591 0.00020957252596085789 0
0.94499999999999984 0.95499999999999985 0.94999999999999984 9.6754834721469025e-26 0 0 0 296.20986696230597 0.00020957252596085789 0
0.95499999999999985 0.96499999999999986 0.95999999999999985 9.6754823970864251e-26 0 0 0 296.20986696230597 0.00020957252596085787 0
0.96499999999999986 0.97499999999999976 0.96999999999999975 9.6754813220231766e-26 0 0 0 296.20986696230597 0.00020957252596085784 0
0.97499999999999976 0.98499999999999988 0.97999999999999976 9.6754802469607431e-26 0 0 0 296.20986696230602 0.00020957252596085787 0
0.98499999999999988 0.99499999999999977 0.98999999999999977 9.6754791718997067e-26 0 0 0 296.20986696230597 0.00020957252596085784 0
0.99499999999999977 1.0049999999999999 0.99999999999999978 9.6754780968392523e-26 0 0 0 296.20986696230597 0.00020957252596085789 0
1.0049999999999999 1.0149999999999999 1.0099999999999998 9.6754770217797013e-26 0 0 0 296.20986696230591 0.00020957252596085789 0
1.0149999999999999 1.0249999999999999 1.02 9.6754759467218171e-26 0 0 0 296.20986696230591 0.00020957252596085789 0
1.0249999999999999 1.0349999999999999 1.0299999999999998 9.6754748716604856e-26 0 0 0 296.20986696230602 0.00020957252596085781 0
1.0349999999999999 1.0449999999999999 1.04 9.6754737924944037e-26 0 0 0 296.20986696230597 0.00020957252596085787 0
1.0449999999999999 1.0549999999999999 1.0499999999999998 9.6754727092255973e-26 0 0 0 296.20986696230597 0.00020957252596085787 0
1.0549999999999999 1.0649999999999997 1.0599999999999998 9.6754716341664091e-26 0 0 0 296.20986696230597 0.00020957252596085789 0
1.0649999999999997 1.075 1.0699999999999998 9.6754705591069315e-26 0 0 0 296.20986696230591 0.00020957252596085789 0
1.075 1.085 1.0800000000000001 9.6754694840454463e-26 0 0 0 296.20986696230597 0.00020957252596085787 0
1.085 1.0949999999999998 1.0899999999999999 9.6754684089849574e-26 0 0 0 296.20986696230597 0.00020957252596085784 0
1.0949999999999998 1.105 1.0999999999999999 9.6754673339244398e-26 0 0 0 296.20986696230597 0.00020957252596085789 0
1.105 1.115 1.1099999999999999 9.6754662588659495e-26 0 0 0 296.20986696230597 0.00020957252596085789 0
1.115 1.1249999999999998 1.1199999999999999 9.675465183806728e-26 0 0 0 296.20986696230602 0.00020957252596085789 0
1.1249999999999998 1.135 1.1299999999999999 9.6754641087468889e-26 0 0 0 296.20986696230597 0.00020957252596085789 0
1.135 1.145 1.1400000000000001 9.6754630336847653e-26 0 0 0 296.20986696230597 0.00020957252596085787 0
1.145 1.1549999999999998 1.1499999999999999 9.6754619586229173e-26 0 0 0 296.20986696230602 0.00020957252596085784 0
1.1549999999999998 1.165 1.1599999999999999 9.675460883561137e-26 0 0 0 296.20986696230597 0.00020957252596085787 0
1.165 1.175 1.1699999999999999 9.6754598084974603e-26 0 0 0 296.20986696230591 0.00020957252596085789 0
1.175 1.1849999999999998 1.1799999999999999 9.6754587334333657e-26 0 0 0 296.20986696230602 0.00020957252596085784 0
1.1849999999999998 1.1950000000000001 1.1899999999999999 9.6754576583699416e-26 0 0 0 296.20986696230597 0.00020957252596085787 0
1.1950000000000001 1.2049999999999998 1.2 9.6754565833072888e-26 0 0 0 296.20986696230602 0.00020957252596085784 0
1.2049999999999998 1.2149999999999999 1.21 9.6754555082444272e-26 0 0 0 296.20986696230597 0.00020957252596085787 0
1.2149999999999999 1.2249999999999999 1.2199999999999998 9.6754544331803384e-26 0 0 0 296.20986696230597 0.00020957252596085789 0
1.2249999999999999 1.2349999999999999 1.23 9.6754533581156916e-26 0 0 0 296.20986696230591 0.00020957252596085789 0
1.2349999999999999 1.2449999999999999 1.2399999999999998 9.6754522830527726e-26 0 0 0 296.20986696230597 0.00020957252596085789 0
1.2449999999999999 1.2549999999999999 1.25 4.8377257383782112e-26 0 0 0 296.20986696230597 0.00010478626298043125 0
