# axial profiles of the pair PbI2_g -> PbI2_s, bin set native (rhoFixedFlowFoam, axialProfiles.H)
# time 60.000000000027363 directory 60 reason write time
# molarMass 0.46100893999999998
# axis (1 0 0) origin (0 0 0)
# nBins 126
# inventory gas 3.9059811504758508e-11 wall 2.4031179994092558e-09 sample 0
# binned gas 3.9059811504758508e-11 wall 2.4031179994092558e-09 sample 0
# outside gas 0 wall 0 sample 0
# observable wall
# fraction 0.001
# significance 1e-13 minimumAmount 2.4421778109140145e-22
# Tdep fromInlet status found T 656.65471569262752 x 0.35001259663430351 peak 8.2701661926513234e-08 xPeak 0.36999999999999994 threshold 8.2701661926513235e-11 searchFrom 0.02
# Tdep fromPeak status found T 656.65471569262752 x 0.35001259663430351 peak 8.2701661926513234e-08 xPeak 0.36999999999999994 threshold 8.2701661926513235e-11
# Tpeak 623.87813859893333 K at x 0.36999999999999994 m; bin maximum of observable
# columns x_lo x_hi x gas wall sample observable Twall wallArea sampleGas
# units m m m mol/m mol/m mol/m mol/m K m2/m mol/m
-0.0050000000000000001 0.0049999999999999984 -8.6736173798840355e-19 6.095999443863384e-98 0 0 0 1124.6398688915374 0.00010478626298042893 0
0.0049999999999999984 0.014999999999999996 0.0099999999999999967 3.5433571780875716e-88 0 0 0 1124.6398688915374 0.00020957252596085787 0
0.014999999999999996 0.024999999999999994 0.019999999999999997 2.2943776101386575e-78 0 0 0 1123.2544391464862 0.00020957252596085787 0
0.024999999999999994 0.034999999999999996 0.029999999999999995 1.8495427890871306e-68 0 0 0 1113.8452806712346 0.00020957252596085787 0
0.034999999999999996 0.044999999999999991 0.039999999999999994 1.543867871925844e-58 0 0 0 1102.0795144579361 0.00020957252596085784 0
0.044999999999999991 0.054999999999999993 0.049999999999999989 1.1359591678352505e-48 0 0 0 1089.8486244352205 0.00020957252596085787 0
0.054999999999999993 0.064999999999999988 0.059999999999999991 8.6351243730219639e-39 0 0 0 1074.1906724507721 0.00020957252596085784 0
0.064999999999999988 0.074999999999999983 0.069999999999999979 3.9638544813803297e-27 0 0 0 1059.5504667350558 0.00020957252596085789 0
0.074999999999999983 0.084999999999999978 0.079999999999999988 4.4726638503826429e-17 0 0 0 1046.3060721296572 0.00020957252596085784 0
0.084999999999999978 0.094999999999999973 0.089999999999999969 9.7534651828838694e-12 0 0 0 1035.0060569162681 0.00020957252596085789 4.9882716581132874e-12
0.094999999999999973 0.10499999999999998 0.099999999999999978 7.5827086227083137e-11 0 0 0 1024.9280498157236 0.00020957252596085789 3.4359756973345611e-11
0.10499999999999998 0.11499999999999998 0.10999999999999999 1.0008684586451838e-10 0 0 0 1015.5970488813163 0.00020957252596085784 0
0.11499999999999998 0.12499999999999997 0.11999999999999997 1.0269045975112478e-10 0 0 0 1007.3373110343156 0.00020957252596085789 0
0.12499999999999997 0.13499999999999998 0.12999999999999998 1.0527163864547005e-10 0 0 0 999.03002119211033 0.00020957252596085787 0
0.13499999999999998 0.14499999999999999 0.13999999999999999 1.0815177727020018e-10 0 0 0 989.43876210669373 0.00020957252596085787 0
0.14499999999999999 0.15499999999999997 0.14999999999999997 1.1152534648695433e-10 0 0 0 977.60522328052082 0.00020957252596085784 0
0.15499999999999997 0.16499999999999995 0.15999999999999998 1.1569084937317837e-10 0 0 0 961.96823749868088 0.00020957252596085789 0
0.16499999999999995 0.17499999999999996 0.16999999999999996 1.1974846612011873e-10 0 0 0 945.81303676018683 0.00020957252596085789 0
0.17499999999999996 0.18499999999999997 0.17999999999999997 1.2397747498015955e-10 0 0 0 927.88530683086788 0.00020957252596085787 0
0.18499999999999997 0.19499999999999995 0.18999999999999995 1.2773267666971042e-10 0 0 0 911.12737020745908 0.00020957252596085784 0
0.19499999999999995 0.20499999999999993 0.19999999999999996 1.3098671619768505e-10 0 0 0 895.99376448214218 0.00020957252596085784 0
0.20499999999999993 0.21499999999999997 0.20999999999999996 1.3367492375420668e-10 0 0 0 883.18557399041993 0.00020957252596085787 0
0.21499999999999997 0.22499999999999998 0.21999999999999997 1.3679999453685461e-10 0 0 0 867.7492476744078 0.00020957252596085787 0
0.22499999999999998 0.23499999999999996 0.22999999999999998 1.3987321325618718e-10 0 0 0 852.26543528744105 0.00020957252596085784 0
0.23499999999999996 0.24499999999999994 0.23999999999999994 1.4295222848787893e-10 0 0 0 836.71637584154337 0.00020957252596085784 0
0.24499999999999994 0.25499999999999995 0.24999999999999994 1.4627391774256273e-10 0 0 0 819.9770846136895 0.00020957252596085787 0
0.25499999999999995 0.26499999999999996 0.25999999999999995 1.4951945900741153e-10 0 0 0 803.78205101145534 0.00020957252596085789 0
0.26499999999999996 0.27499999999999997 0.26999999999999996 1.5287597211542677e-10 0 0 0 787.35496838943106 0.00020957252596085787 0
0.27499999999999997 0.28499999999999992 0.27999999999999992 1.5590663598618686e-10 0 0 0 772.89677486063545 0.00020957252596085787 0
0.28499999999999992 0.29499999999999998 0.28999999999999992 1.5994317878527037e-10 0 0 0 753.91570057253273 0.00020957252596085787 0
0.29499999999999998 0.30499999999999994 0.29999999999999993 1.6452101464449193e-10 0 0 0 733.33035581515742 0.00020957252596085787 0
0.30499999999999994 0.31499999999999995 0.30999999999999994 1.677030184706928e-10 0 0 0 719.88793869008452 0.00020957252596085789 0
0.31499999999999995 0.3249999999999999 0.31999999999999995 1.7119522279412279e-10 0 0 0 705.25027951423385 0.00020957252596085787 0
0.3249999999999999 0.33499999999999991 0.3299999999999999 1.7559348114927456e-10 0 0 0 687.54661881238849 0.00020957252596085787 0
0.33499999999999991 0.34499999999999997 0.33999999999999997 1.7965617503993514e-10 0 0 0 672.14468972855252 0.00020957252596085787 0
0.34499999999999997 0.35499999999999993 0.34999999999999998 1.8371861792460329e-10 0 0 0 656.67625190156593 0.00020957252596085784 0
0.35499999999999993 0.36499999999999994 0.35999999999999993 1.5820712244194269e-10 6.5653776980090079e-08 0 6.5653776980090079e-08 639.57945571028472 0.00020957252596085789 0
0.36499999999999994 0.37499999999999994 0.36999999999999994 8.6190718502180202e-11 8.2701661926513234e-08 0 8.2701661926513234e-08 623.87813859893333 0.00020957252596085789 0
0.37499999999999994 0.38499999999999995 0.37999999999999995 4.1857963282043546e-11 4.967214399446631e-08 0 4.967214399446631e-08 607.83756628105982 0.00020957252596085787 0
0.38499999999999995 0.39499999999999991 0.3899999999999999 1.7598379700137184e-11 2.4990871568365772e-08 0 2.4990871568365772e-08 590.1120930698595 0.00020957252596085787 0
0.39499999999999991 0.40499999999999992 0.39999999999999991 6.7603804125855822e-12 1.1056666043591759e-08 0 1.1056666043591759e-08 571.86142030093822 0.00020957252596085787 0
0.40499999999999992 0.41499999999999987 0.40999999999999992 2.55216101527214e-12 3.95818448671437e-09 0 3.95818448671437e-09 555.47219158016526 0.00020957252596085787 0
0.41499999999999987 0.42499999999999993 0.41999999999999993 8.5997763194287835e-13 1.6184675130036324e-09 0 1.6184675130036324e-09 535.80624769632936 0.00020957252596085784 0
0.42499999999999993 0.43499999999999994 0.42999999999999994 2.3231441530287169e-13 4.9084640116717108e-10 0 4.9084640116717108e-10 515.77301489843046 0.00020957252596085787 0
0.43499999999999994 0.4449999999999999 0.43999999999999995 5.7211531744184013e-14 1.2951488546906879e-10 0 1.2951488546906879e-10 496.24387166615992 0.00020957252596085787 0
0.4449999999999999 0.45499999999999996 0.44999999999999996 1.2537777685088784e-14 3.2061996949488674e-11 0 3.2061996949488674e-11 475.5481237480962 0.00020957252596085787 0
0.45499999999999996 0.46499999999999991 0.45999999999999996 2.1730336370392274e-15 6.4342559275264569e-12 0 6.4342559275264569e-12 453.53567660966627 0.00020957252596085787 0
0.46499999999999991 0.47499999999999992 0.46999999999999992 2.8151041785796367e-16 1.0375069231368527e-12 0 1.0375069231368527e-12 429.10790827235917 0.00020957252596085789 0
0.47499999999999992 0.48499999999999988 0.47999999999999987 2.621788303076132e-17 1.228861706884411e-13 0 1.228861706884411e-13 397.12921905025797 0.00020957252596085787 0
0.48499999999999988 0.49499999999999988 0.48999999999999988 1.7064865199817939e-18 8.9341617021299873e-15 0 8.9341617021299873e-15 362.88980224943521 0.00020957252596085787 0
0.49499999999999988 0.50499999999999989 0.49999999999999989 1.0018165671776361e-19 5.3184628316152804e-16 0 5.3184628316152804e-16 338.50390372081199 0.00020957252596085787 0
0.50499999999999989 0.5149999999999999 0.5099999999999999 5.2936120873881428e-21 2.812391145545253e-17 0 2.812391145545253e-17 323.32817572063806 0.00020957252596085787 0
0.5149999999999999 0.52499999999999991 0.51999999999999991 2.6133908381802922e-22 1.3733484598283636e-18 0 1.3733484598283636e-18 313.54259834341786 0.00020957252596085787 0
0.52499999999999991 0.53499999999999992 0.52999999999999992 1.3699432002121556e-23 6.4126692748034339e-20 0 6.4126692748034339e-20 308.75991469641485 0.00020957252596085789 0
0.53499999999999992 0.54499999999999982 0.53999999999999981 1.5101061065949439e-24 3.3281253989135578e-21 0 3.3281253989135578e-21 305.50353630607628 0.00020957252596085784 0
0.54499999999999982 0.55499999999999994 0.54999999999999982 5.8372743301845271e-25 3.1232472142638408e-22 0 3.1232472142638408e-22 303.07712142877648 0.00020957252596085787 0
0.55499999999999994 0.56499999999999995 0.55999999999999994 3.4951990579428734e-25 1.1274164772776703e-22 0 1.1274164772776703e-22 300.93117632900635 0.00020957252596085787 0
0.56499999999999995 0.57499999999999984 0.56999999999999984 2.6707626139573752e-25 4.9891108839583591e-23 0 4.9891108839583591e-23 299.79276995006546 0.00020957252596085789 0
0.57499999999999984 0.58499999999999996 0.57999999999999985 2.0157926126836647e-25 3.396959169330653e-23 0 3.396959169330653e-23 298.54290816022012 0.00020957252596085787 0
0.58499999999999996 0.59499999999999997 0.58999999999999997 1.7454510772551306e-25 1.0710713045495869e-23 0 1.0710713045495869e-23 298.0936844391407 0.00020957252596085787 0
0.59499999999999997 0.60499999999999987 0.59999999999999987 1.4772979643164881e-25 1.6319323088549307e-23 0 1.6319323088549307e-23 297.42377004905057 0.00020957252596085784 0
0.60499999999999987 0.61499999999999988 0.60999999999999988 1.3047673741044381e-25 1.3131092155848599e-23 0 1.3131092155848599e-23 296.67367058098358 0.00020957252596085787 0
0.61499999999999988 0.62499999999999989 0.61999999999999988 1.1777603151675932e-25 4.376577580526214e-24 0 4.376577580526214e-24 296.65390094145289 0.00020957252596085787 0
0.62499999999999989 0.6349999999999999 0.62999999999999989 1.1231032727551968e-25 1.4793770215150636e-24 0 1.4793770215150636e-24 296.03438617401667 0.00020957252596085787 0
0.6349999999999999 0.64499999999999991 0.6399999999999999 1.1205511500683721e-25 5.8532476418830299e-26 0 5.8532476418830299e-26 296.03438617401662 0.00020957252596085789 0
0.64499999999999991 0.6549999999999998 0.64999999999999991 1.120117938855287e-25 5.4776360105806048e-28 0 5.4776360105806048e-28 296.03438617401667 0.00020957252596085789 0
0.6549999999999998 0.66499999999999992 0.65999999999999992 1.0914539923660055e-25 2.3255992513635851e-24 0 2.3255992513635851e-24 295.96010806205311 0.00020957252596085787 0
0.66499999999999992 0.67499999999999982 0.66999999999999993 9.6596714068181645e-26 6.9323030465604365e-24 0 6.9323030465604365e-24 295.44009249150065 0.00020957252596085784 0
0.67499999999999982 0.68499999999999983 0.67999999999999983 9.1063017104027242e-26 3.0343783273606875e-24 0 3.0343783273606875e-24 295.51859626350699 0.00020957252596085787 0
0.68499999999999983 0.69499999999999995 0.68999999999999995 9.0600311267998453e-26 3.1062789193842594e-25 0 3.1062789193842594e-25 295.56756058800158 0.00020957252596085787 0
0.69499999999999995 0.70499999999999985 0.69999999999999996 9.0368197062872951e-26 3.812794345565044e-26 0 3.812794345565044e-26 295.44614423515139 0.00020957252596085784 0
0.70499999999999985 0.71499999999999986 0.70999999999999985 9.040127861818939e-26 2.9549963487539263e-26 0 2.9549963487539263e-26 295.15732484114528 0.00020957252596085787 0
0.71499999999999986 0.72499999999999987 0.71999999999999986 9.0423320457635713e-26 1.6715650392501951e-27 0 1.6715650392501951e-27 295.08087008343256 0.00020957252596085789 0
0.72499999999999987 0.73499999999999988 0.72999999999999987 9.0423342103198837e-26 5.3020056602588574e-29 0 5.3020056602588574e-29 295.08087008343261 0.00020957252596085787 0
0.73499999999999988 0.74499999999999988 0.73999999999999988 9.0423319758806755e-26 0 0 0 295.08087008343256 0.00020957252596085789 0
0.74499999999999988 0.75499999999999989 0.74999999999999989 9.0423295621394729e-26 0 0 0 295.08087008343256 0.00020957252596085787 0
0.75499999999999989 0.7649999999999999 0.7599999999999999 9.0423271382805667e-26 0 0 0 295.08087008343261 0.00020957252596085787 0
0.7649999999999999 0.77499999999999991 0.76999999999999991 9.0423247004383079e-26 0 0 0 295.08087008343261 0.00020957252596085787 0
0.77499999999999991 0.78499999999999981 0.7799999999999998 9.0423222786759119e-26 0 0 0 295.08087008343261 0.00020957252596085789 0
0.78499999999999981 0.79499999999999982 0.78999999999999981 9.0423198571612215e-26 0 0 0 295.08087008343261 0.00020957252596085789 0
0.79499999999999982 0.80499999999999994 0.79999999999999982 9.0423174354874961e-26 0 0 0 295.08087008343267 0.00020957252596085787 0
0.80499999999999994 0.81499999999999984 0.80999999999999983 9.0423150139126305e-26 0 0 0 295.08087008343267 0.00020957252596085784 0
0.81499999999999984 0.82499999999999984 0.81999999999999984 9.0423125922848538e-26 0 0 0 295.08087008343261 0.00020957252596085787 0
0.82499999999999984 0.83499999999999974 0.82999999999999985 9.0423101706878237e-26 0 0 0 295.08087008343261 0.00020957252596085789 0
0.83499999999999974 0.84499999999999986 0.83999999999999986 9.0423077490766314e-26 0 0 0 295.08087008343261 0.00020957252596085787 0
0.84499999999999986 0.85499999999999987 0.84999999999999987 9.0423053274607268e-26 0 0 0 295.08087008343256 0.00020957252596085789 0
0.85499999999999987 0.86499999999999977 0.85999999999999988 9.0423029058510406e-26 0 0 0 295.08087008343267 0.00020957252596085784 0
0.86499999999999977 0.87499999999999989 0.86999999999999988 9.0423004842306268e-26 0 0 0 295.08087008343261 0.00020957252596085787 0
0.87499999999999989 0.8849999999999999 0.87999999999999989 9.0422980626213608e-26 0 0 0 295.08087008343261 0.00020957252596085789 0
0.8849999999999999 0.8949999999999998 0.8899999999999999 9.0422956410011961e-26 0 0 0 295.08087008343261 0.00020957252596085789 0
0.8949999999999998 0.9049999999999998 0.8999999999999998 9.042293215293049e-26 0 0 0 295.08087008343261 0.00020957252596085787 0
0.9049999999999998 0.91499999999999992 0.90999999999999992 9.0422907793093341e-26 0 0 0 295.08087008343261 0.00020957252596085787 0
0.91499999999999992 0.92499999999999982 0.91999999999999993 9.0422883577122293e-26 0 0 0 295.08087008343261 0.00020957252596085784 0
0.92499999999999982 0.93499999999999983 0.92999999999999983 9.0422859361086892e-26 0 0 0 295.08087008343256 0.00020957252596085789 0
0.93499999999999983 0.94499999999999984 0.93999999999999984 9.0422835145077963e-26 0 0 0 295.08087008343267 0.00020957252596085787 0
0.94499999999999984 0.95499999999999985 0.94999999999999984 9.0422810929040415e-26 0 0 0 295.08087008343261 0.00020957252596085787 0
0.95499999999999985 0.96499999999999986 0.95999999999999985 9.0422786713009973e-26 0 0 0 295.08087008343256 0.00020957252596085789 0
0.96499999999999986 0.97499999999999976 0.96999999999999975 9.0422762496957812e-26 0 0 0 295.08087008343267 0.00020957252596085784 0
0.97499999999999976 0.98499999999999988 0.97999999999999976 9.042273828091597e-26 0 0 0 295.08087008343267 0.00020957252596085787 0
0.98499999999999988 0.99499999999999977 0.98999999999999977 9.0422714064812703e-26 0 0 0 295.08087008343267 0.00020957252596085784 0
0.99499999999999977 1.0049999999999999 0.99999999999999978 9.0422689848655562e-26 0 0 0 295.08087008343261 0.00020957252596085787 0
1.0049999999999999 1.0149999999999999 1.0099999999999998 9.0422665632501487e-26 0 0 0 295.08087008343261 0.00020957252596085787 0
1.0149999999999999 1.0249999999999999 1.02 9.042264141634438e-26 0 0 0 295.08087008343267 0.00020957252596085787 0
1.0249999999999999 1.0349999999999999 1.0299999999999998 9.0422617200176805e-26 0 0 0 295.08087008343256 0.00020957252596085789 0
1.0349999999999999 1.0449999999999999 1.04 9.0422592922377567e-26 0 0 0 295.08087008343261 0.00020957252596085787 0
1.0449999999999999 1.0549999999999999 1.0499999999999998 9.0422568582962956e-26 0 0 0 295.08087008343261 0.00020957252596085787 0
1.0549999999999999 1.0649999999999997 1.0599999999999998 9.0422544366804783e-26 0 0 0 295.08087008343267 0.00020957252596085784 0
1.0649999999999997 1.075 1.0699999999999998 9.0422520150620769e-26 0 0 0 295.08087008343256 0.00020957252596085789 0
1.075 1.085 1.0800000000000001 9.0422495934412051e-26 0 0 0 295.08087008343267 0.00020957252596085787 0
1.085 1.0949999999999998 1.0899999999999999 9.042247171821192e-26 0 0 0 295.08087008343261 0.00020957252596085784 0
1.0949999999999998 1.105 1.0999999999999999 9.0422447502034288e-26 0 0 0 295.08087008343261 0.00020957252596085787 0
1.105 1.115 1.1099999999999999 9.0422423285855853e-26 0 0 0 295.08087008343261 0.00020957252596085787 0
1.115 1.1249999999999998 1.1199999999999999 9.0422399069682768e-26 0 0 0 295.08087008343256 0.00020957252596085789 0
1.1249999999999998 1.135 1.1299999999999999 9.0422374853558321e-26 0 0 0 295.08087008343256 0.00020957252596085787 0
1.135 1.145 1.1400000000000001 9.0422350637442127e-26 0 0 0 295.08087008343256 0.00020957252596085789 0
1.145 1.1549999999999998 1.1499999999999999 9.0422326421292724e-26 0 0 0 295.08087008343261 0.00020957252596085789 0
1.1549999999999998 1.165 1.1599999999999999 9.0422302205110822e-26 0 0 0 295.08087008343261 0.00020957252596085787 0
1.165 1.175 1.1699999999999999 9.0422277988867574e-26 0 0 0 295.08087008343261 0.00020957252596085787 0
1.175 1.1849999999999998 1.1799999999999999 9.0422253690422339e-26 0 0 0 295.08087008343256 0.00020957252596085789 0
1.1849999999999998 1.1950000000000001 1.1899999999999999 9.0422229371373673e-26 0 0 0 295.08087008343256 0.00020957252596085787 0
1.1950000000000001 1.2049999999999998 1.2 9.0422205154998699e-26 0 0 0 295.08087008343261 0.00020957252596085789 0
1.2049999999999998 1.2149999999999999 1.21 9.0422180938604737e-26 0 0 0 295.08087008343261 0.00020957252596085787 0
1.2149999999999999 1.2249999999999999 1.2199999999999998 9.0422156722235698e-26 0 0 0 295.08087008343261 0.00020957252596085787 0
1.2249999999999999 1.2349999999999999 1.23 9.0422132505889755e-26 0 0 0 295.08087008343261 0.00020957252596085787 0
1.2349999999999999 1.2449999999999999 1.2399999999999998 9.0422108289582693e-26 0 0 0 295.08087008343261 0.00020957252596085787 0
1.2449999999999999 1.2549999999999999 1.25 4.5211045384620667e-26 0 0 0 295.08087008343261 0.00010478626298043125 0
