# axial profiles of the pair element_I -> I, bin set native (rhoFixedFlowFoam, axialProfiles.H)
# time 60.000000000027363 directory 60 reason write time
# molarMass 1
# axis (1 0 0) origin (0 0 0)
# nBins 126
# inventory gas 8.1717473752610214e-12 wall 1.0653791212421335e-10 sample 0
# binned gas 8.1717473752610198e-12 wall 1.0653791212421335e-10 sample 0
# outside gas 0 wall 0 sample 0
# observable wall
# fraction 0.001
# significance 1e-13 minimumAmount 1.1470965949947438e-23
# Tdep fromInlet status found T 595.1765682983231 x 0.50001051055792356 peak 2.9949977050152695e-09 xPeak 0.51999999999999991 threshold 2.9949977050152695e-12 searchFrom 0.02
# Tdep fromPeak status found T 595.1765682983231 x 0.50001051055792356 peak 2.9949977050152695e-09 xPeak 0.51999999999999991 threshold 2.9949977050152695e-12
# Tpeak 559.24717967204379 K at x 0.51999999999999991 m; bin maximum of observable
# columns x_lo x_hi x gas wall sample observable Twall wallArea sampleGas
# units m m m mol/m mol/m mol/m mol/m K m2/m mol/m
-0.0050000000000000001 0.0049999999999999984 -8.6736173798840355e-19 1.8421641564189192e-32 0 0 0 1073.1731026476107 0.00010915235727128012 0
0.0049999999999999984 0.014999999999999996 0.0099999999999999967 3.5100419777132792e-30 0 0 0 1057.4367648442055 0.00021830471454256024 0
0.014999999999999996 0.024999999999999994 0.019999999999999997 5.3942736749166149e-28 0 0 0 1056.1107811980387 0.00021830471454256024 0
0.024999999999999994 0.034999999999999996 0.029999999999999995 8.3016717191911888e-26 0 0 0 1066.7595185649491 0.00021830471454256027 0
0.034999999999999996 0.044999999999999991 0.039999999999999994 1.3088138078224765e-23 0 0 0 1083.5836615103754 0.0002183047145425603 0
0.044999999999999991 0.054999999999999993 0.049999999999999989 2.1404196934636387e-21 0 0 0 1099.8816559260626 0.00021830471454256027 0
0.054999999999999993 0.064999999999999988 0.059999999999999991 3.5988328353810327e-19 0 0 0 1112.5392961054588 0.0002183047145425603 0
0.064999999999999988 0.074999999999999983 0.069999999999999979 7.0121550094153826e-17 0 0 0 1119.8049608669673 0.0002183047145425603 0
0.074999999999999983 0.084999999999999978 0.079999999999999988 1.4569302793161813e-14 0 0 0 1122.6597581769308 0.00021830471454256032 0
0.084999999999999978 0.094999999999999973 0.089999999999999969 2.031941340936092e-12 0 0 0 1123.0831511975584 0.0002183047145425603 8.8991572853803047e-13
0.094999999999999973 0.10499999999999998 0.099999999999999978 1.0860907765471823e-11 0 0 0 1118.9418638614864 0.00021830471454256027 4.9098025602279847e-12
0.10499999999999998 0.11499999999999998 0.10999999999999999 1.3425936062565233e-11 0 0 0 1112.2943229572102 0.00021830471454256032 0
0.11499999999999998 0.12499999999999997 0.11999999999999997 1.3563483800884205e-11 0 0 0 1100.8945396746078 0.00021830471454256032 0
0.12499999999999997 0.13499999999999998 0.12999999999999998 1.3742177076799887e-11 0 0 0 1086.4609394305116 0.00021830471454256032 0
0.13499999999999998 0.14499999999999999 0.13999999999999999 1.3907894332294006e-11 0 0 0 1073.5701054659976 0.00021830471454256027 0
0.14499999999999999 0.15499999999999997 0.14999999999999997 1.408546078884467e-11 0 0 0 1060.0678780623391 0.00021830471454256035 0
0.15499999999999997 0.16499999999999995 0.15999999999999998 1.4269995183517258e-11 0 0 0 1046.3368653014015 0.0002183047145425603 0
0.16499999999999995 0.17499999999999996 0.16999999999999996 1.4414002654525703e-11 0 0 0 1035.8711855024569 0.00021830471454256032 0
0.17499999999999996 0.18499999999999997 0.17999999999999997 1.4548160089879006e-11 0 0 0 1026.3277379840929 0.00021830471454256032 0
0.18499999999999997 0.19499999999999995 0.18999999999999995 1.4671454690770088e-11 0 0 0 1017.7507326744926 0.0002183047145425603 0
0.19499999999999995 0.20499999999999993 0.19999999999999996 1.4793780406824107e-11 0 0 0 1009.3110911460606 0.0002183047145425603 0
0.20499999999999993 0.21499999999999997 0.20999999999999996 1.4913409022098738e-11 0 0 0 1001.1883707904777 0.00021830471454256035 0
0.21499999999999997 0.22499999999999998 0.21999999999999997 1.5029496332340838e-11 0 0 0 993.49333931062733 0.00021830471454256032 0
0.22499999999999998 0.23499999999999996 0.22999999999999998 1.5159365609123041e-11 0 0 0 984.99909081857049 0.0002183047145425603 0
0.23499999999999996 0.24499999999999994 0.23999999999999994 1.5327288837104045e-11 0 0 0 974.12389267948879 0.0002183047145425603 0
0.24499999999999994 0.25499999999999995 0.24999999999999994 1.552648730108976e-11 0 0 0 961.64481446913862 0.00021830471454256038 0
0.25499999999999995 0.26499999999999996 0.25999999999999995 1.5788865999554453e-11 0 0 0 945.6781556088323 0.00021830471454256032 0
0.26499999999999996 0.27499999999999997 0.26999999999999996 1.6064485500652437e-11 0 0 0 929.42978806729514 0.00021830471454256027 0
0.27499999999999997 0.28499999999999992 0.27999999999999992 1.6354320613358624e-11 0 0 0 912.8769272069419 0.0002183047145425603 0
0.28499999999999992 0.29499999999999998 0.28999999999999992 1.6621054841804792e-11 0 0 0 898.24437609120184 0.0002183047145425603 0
0.29499999999999998 0.30499999999999994 0.29999999999999993 1.6869014451478043e-11 0 0 0 885.06263469584655 0.0002183047145425603 0
0.30499999999999994 0.31499999999999995 0.30999999999999994 1.711345823133025e-11 0 0 0 872.49326501088274 0.00021830471454256027 0
0.31499999999999995 0.3249999999999999 0.31999999999999995 1.74181566735906e-11 0 0 0 857.16304464916107 0.0002183047145425603 0
0.3249999999999999 0.33499999999999991 0.3299999999999999 1.7707449703368448e-11 0 0 0 843.11908199579 0.00021830471454256027 0
0.33499999999999991 0.34499999999999997 0.33999999999999997 1.7977676134112623e-11 0 0 0 830.4371087207569 0.00021830471454256035 0
0.34499999999999997 0.35499999999999993 0.34999999999999998 1.8256257369904162e-11 0 0 0 817.84230612718432 0.0002183047145425603 0
0.35499999999999993 0.36499999999999994 0.35999999999999993 1.8587125879663974e-11 0 0 0 803.31075755410131 0.00021830471454256027 0
0.36499999999999994 0.37499999999999994 0.36999999999999994 1.8962259759369164e-11 0 0 0 787.33643385312348 0.00021830471454256032 0
0.37499999999999994 0.38499999999999995 0.37999999999999995 1.9348533016065359e-11 0 0 0 771.56208727956789 0.00021830471454256027 0
0.38499999999999995 0.39499999999999991 0.3899999999999999 1.9747537469412199e-11 0 0 0 755.98095370428678 0.0002183047145425603 0
0.39499999999999991 0.40499999999999992 0.39999999999999991 2.016510224701965e-11 0 0 0 740.33559197081968 0.00021830471454256027 0
0.40499999999999992 0.41499999999999987 0.40999999999999992 2.0566907710798066e-11 0 0 0 725.96024751347932 0.00021830471454256027 0
0.41499999999999987 0.42499999999999993 0.41999999999999993 2.0997126086199771e-11 0 0 0 711.03238152403765 0.00021830471454256035 0
0.42499999999999993 0.43499999999999994 0.42999999999999994 2.1414103503372368e-11 0 0 0 697.18924098809168 0.00021830471454256027 0
0.43499999999999994 0.4449999999999999 0.43999999999999995 2.1902851187511238e-11 0 0 0 681.53457963276855 0.0002183047145425603 0
0.4449999999999999 0.45499999999999996 0.44999999999999996 2.2382552225043495e-11 0 0 0 666.97529694060654 0.0002183047145425603 0
0.45499999999999996 0.46499999999999991 0.45999999999999996 2.2824007996648786e-11 0 0 0 654.13342826179985 0.0002183047145425603 0
0.46499999999999991 0.47499999999999992 0.46999999999999992 2.3314025105158575e-11 0 0 0 640.37740142842222 0.00021830471454256032 0
0.47499999999999992 0.48499999999999988 0.47999999999999987 2.3844489106915018e-11 0 0 0 626.05343407211922 0.0002183047145425603 0
0.48499999999999988 0.49499999999999988 0.48999999999999988 2.4420875448865859e-11 0 0 0 611.17978574509596 0.00021830471454256027 0
0.49499999999999988 0.50499999999999989 0.49999999999999989 2.4961431133395704e-11 0 0 0 595.19478629092805 0.00021830471454256027 0
0.50499999999999989 0.5149999999999999 0.5099999999999999 2.1623222343250813e-11 2.8495135336946959e-09 0 2.8495135336946959e-09 577.86174580224224 0.00021830471454256027 0
0.5149999999999999 0.52499999999999991 0.51999999999999991 1.3627997334111532e-11 2.9949977050152695e-09 0 2.9949977050152695e-09 559.24717967204379 0.00021830471454256027 0
0.52499999999999991 0.53499999999999992 0.52999999999999992 1.0066351580189782e-11 1.0660335229972743e-09 0 1.0660335229972743e-09 542.60735583472501 0.00021830471454256027 0
0.53499999999999992 0.54499999999999982 0.53999999999999981 8.9195817956934013e-12 4.8309967223126479e-10 0 4.8309967223126479e-10 524.31087500385649 0.0002183047145425603 0
0.54499999999999982 0.55499999999999994 0.54999999999999982 8.7557156416950041e-12 1.4976137286493768e-10 0 1.4976137286493768e-10 506.80540941901802 0.00021830471454256032 0
0.55499999999999994 0.56499999999999995 0.55999999999999994 8.9326291279918347e-12 4.1603998455974089e-11 0 4.1603998455974089e-11 488.69697175942855 0.00021830471454256027 0
0.56499999999999995 0.57499999999999984 0.56999999999999984 9.2258149882165483e-12 1.0625559167828361e-11 0 1.0625559167828361e-11 469.49369662673962 0.00021830471454256032 0
0.57499999999999984 0.58499999999999996 0.57999999999999985 8.8434187099396522e-12 2.1039829671531957e-12 0 2.1039829671531957e-12 449.26689534831468 0.00021830471454256027 0
0.58499999999999996 0.59499999999999997 0.58999999999999997 3.0161112244335437e-12 2.5002388797629516e-09 0 2.5002388797629516e-09 423.05669821181027 0.00021830471454256027 0
0.59499999999999997 0.60499999999999987 0.59999999999999987 2.5833039591774715e-13 5.2812725071025002e-10 0 5.2812725071025002e-10 389.43827312828745 0.00021830471454256032 0
0.60499999999999987 0.61499999999999988 0.60999999999999988 9.3363235305207196e-15 2.6962120398491338e-11 0 2.6962120398491338e-11 357.35739012722507 0.00021830471454256027 0
0.61499999999999988 0.62499999999999989 0.61999999999999988 2.9874633718064568e-16 7.0010115777856704e-13 0 7.0010115777856704e-13 333.49892256775837 0.00021830471454256027 0
0.62499999999999989 0.6349999999999999 0.62999999999999989 2.7057570046397525e-17 1.971776574689155e-14 0 1.971776574689155e-14 320.50168852141104 0.00021830471454256027 0
0.6349999999999999 0.64499999999999991 0.6399999999999999 1.1295881054524031e-17 2.6011967301091889e-15 0 2.6011967301091889e-15 311.86792615059125 0.00021830471454256032 0
0.64499999999999991 0.6549999999999998 0.64999999999999991 8.424632846833876e-18 5.5510716605026326e-16 0 5.5510716605026326e-16 307.04975303903825 0.0002183047145425603 0
0.6549999999999998 0.66499999999999992 0.65999999999999992 7.3999018721888031e-18 2.4501916801678671e-16 0 2.4501916801678671e-16 305.03702769492173 0.00021830471454256032 0
0.66499999999999992 0.67499999999999982 0.66999999999999993 6.8196959826666972e-18 1.1423925177267258e-16 0 1.1423925177267258e-16 303.51411933586024 0.0002183047145425603 0
0.67499999999999982 0.68499999999999983 0.67999999999999983 6.3763701828893099e-18 9.7504794530974718e-17 0 9.7504794530974718e-17 302.04151420654239 0.00021830471454256027 0
0.68499999999999983 0.69499999999999995 0.68999999999999995 6.0590653185332641e-18 5.4671745630548474e-17 0 5.4671745630548474e-17 300.88890967665759 0.00021830471454256032 0
0.69499999999999995 0.70499999999999985 0.69999999999999996 5.851158025782756e-18 5.2363341856177573e-17 0 5.2363341856177573e-17 299.69233712020326 0.0002183047145425603 0
0.70499999999999985 0.71499999999999986 0.70999999999999985 5.6431737329477048e-18 5.8437406999666504e-17 0 5.8437406999666504e-17 298.34904704574126 0.00021830471454256032 0
0.71499999999999986 0.72499999999999987 0.71999999999999986 5.5547869026394759e-18 1.2169647216709379e-17 0 1.2169647216709379e-17 297.97445464463658 0.00021830471454256027 0
0.72499999999999987 0.73499999999999988 0.72999999999999987 5.5459439508884467e-18 5.3405585413969192e-19 0 5.3405585413969192e-19 297.97380118511376 0.00021830471454256027 0
0.73499999999999988 0.74499999999999988 0.73999999999999988 5.5468980574690288e-18 1.5653257125568617e-19 0 1.5653257125568617e-19 297.73836443468713 0.00021830471454256027 0
0.74499999999999988 0.75499999999999989 0.74999999999999989 5.5347756657974468e-18 3.831878786450263e-18 0 3.831878786450263e-18 297.68926074285491 0.00021830471454256027 0
0.75499999999999989 0.7649999999999999 0.7599999999999999 5.5299070748126429e-18 0 0 0 297.73836443468718 0.00021830471454256027 0
0.7649999999999999 0.77499999999999991 0.76999999999999991 5.5298886301900088e-18 0 0 0 297.73836443468713 0.00021830471454256027 0
0.77499999999999991 0.78499999999999981 0.7799999999999998 5.5298880637943616e-18 0 0 0 297.73836443468707 0.00021830471454256032 0
0.78499999999999981 0.79499999999999982 0.78999999999999981 5.5298875561927464e-18 0 0 0 297.73836443468707 0.00021830471454256027 0
0.79499999999999982 0.80499999999999994 0.79999999999999982 5.5298870451493672e-18 0 0 0 297.73836443468713 0.00021830471454256032 0
0.80499999999999994 0.81499999999999984 0.80999999999999983 5.5298865283133709e-18 0 0 0 297.73836443468718 0.0002183047145425603 0
0.81499999999999984 0.82499999999999984 0.81999999999999984 5.5298860047524117e-18 0 0 0 297.73836443468707 0.00021830471454256027 0
0.82499999999999984 0.83499999999999974 0.82999999999999985 5.5298854745207868e-18 0 0 0 297.73836443468713 0.0002183047145425603 0
0.83499999999999974 0.84499999999999986 0.83999999999999986 5.5298849385936825e-18 0 0 0 297.73836443468713 0.00021830471454256032 0
0.84499999999999986 0.85499999999999987 0.84999999999999987 5.529884398497587e-18 0 0 0 297.73836443468713 0.00021830471454256027 0
0.85499999999999987 0.86499999999999977 0.85999999999999988 5.529883855982418e-18 0 0 0 297.73836443468718 0.0002183047145425603 0
0.86499999999999977 0.87499999999999989 0.86999999999999988 5.5298833127515256e-18 0 0 0 297.73836443468713 0.00021830471454256032 0
0.87499999999999989 0.8849999999999999 0.87999999999999989 5.5298827702290465e-18 0 0 0 297.73836443468713 0.00021830471454256027 0
0.8849999999999999 0.8949999999999998 0.8899999999999999 5.5298822294869024e-18 0 0 0 297.73836443468713 0.0002183047145425603 0
0.8949999999999998 0.9049999999999998 0.8999999999999998 5.5298816902693737e-18 0 0 0 297.73836443468707 0.00021830471454256027 0
0.9049999999999998 0.91499999999999992 0.90999999999999992 5.5298811515460588e-18 0 0 0 297.73836443468713 0.00021830471454256027 0
0.91499999999999992 0.92499999999999982 0.91999999999999993 5.5298806187429168e-18 0 0 0 297.73836443468713 0.0002183047145425603 0
0.92499999999999982 0.93499999999999983 0.92999999999999983 5.5298800884449761e-18 0 0 0 297.73836443468707 0.00021830471454256032 0
0.93499999999999983 0.94499999999999984 0.93999999999999984 5.5298795602931738e-18 0 0 0 297.73836443468718 0.00021830471454256024 0
0.94499999999999984 0.95499999999999985 0.94999999999999984 5.5298790338844366e-18 0 0 0 297.73836443468713 0.00021830471454256027 0
0.95499999999999985 0.96499999999999986 0.95999999999999985 5.5298785088161252e-18 0 0 0 297.73836443468713 0.00021830471454256032 0
0.96499999999999986 0.97499999999999976 0.96999999999999975 5.5298779847389851e-18 0 0 0 297.73836443468718 0.0002183047145425603 0
0.97499999999999976 0.98499999999999988 0.97999999999999976 5.5298774613741333e-18 0 0 0 297.73836443468713 0.00021830471454256032 0
0.98499999999999988 0.99499999999999977 0.98999999999999977 5.5298769385241396e-18 0 0 0 297.73836443468713 0.0002183047145425603 0
0.99499999999999977 1.0049999999999999 0.99999999999999978 5.5298764160679477e-18 0 0 0 297.73836443468701 0.00021830471454256032 0
1.0049999999999999 1.0149999999999999 1.0099999999999998 5.5298758939572568e-18 0 0 0 297.73836443468707 0.00021830471454256027 0
1.0149999999999999 1.0249999999999999 1.02 5.5298753722047396e-18 0 0 0 297.73836443468713 0.00021830471454256027 0
1.0249999999999999 1.0349999999999999 1.0299999999999998 5.5298748508756504e-18 0 0 0 297.73836443468707 0.00021830471454256027 0
1.0349999999999999 1.0449999999999999 1.04 5.529874328765139e-18 0 0 0 297.73836443468701 0.00021830471454256032 0
1.0449999999999999 1.0549999999999999 1.0499999999999998 5.5298738060430193e-18 0 0 0 297.73836443468713 0.00021830471454256027 0
1.0549999999999999 1.0649999999999997 1.0599999999999998 5.5298732868756848e-18 0 0 0 297.73836443468713 0.0002183047145425603 0
1.0649999999999997 1.075 1.0699999999999998 5.5298727688394266e-18 0 0 0 297.73836443468713 0.0002183047145425603 0
1.075 1.085 1.0800000000000001 5.529872252170648e-18 0 0 0 297.73836443468713 0.00021830471454256027 0
1.085 1.0949999999999998 1.0899999999999999 5.5298717370914912e-18 0 0 0 297.73836443468713 0.0002183047145425603 0
1.0949999999999998 1.105 1.0999999999999999 5.5298712237839411e-18 0 0 0 297.73836443468718 0.00021830471454256027 0
1.105 1.115 1.1099999999999999 5.5298707123642221e-18 0 0 0 297.73836443468713 0.00021830471454256032 0
1.115 1.1249999999999998 1.1199999999999999 5.5298702028550365e-18 0 0 0 297.73836443468713 0.0002183047145425603 0
1.1249999999999998 1.135 1.1299999999999999 5.5298696951655118e-18 0 0 0 297.73836443468713 0.0002183047145425603 0
1.135 1.145 1.1400000000000001 5.5298691890776421e-18 0 0 0 297.73836443468713 0.00021830471454256027 0
1.145 1.1549999999999998 1.1499999999999999 5.5298686842445096e-18 0 0 0 297.73836443468713 0.0002183047145425603 0
1.1549999999999998 1.165 1.1599999999999999 5.5298681801941975e-18 0 0 0 297.73836443468713 0.0002183047145425603 0
1.165 1.175 1.1699999999999999 5.5298676763545167e-18 0 0 0 297.73836443468713 0.00021830471454256032 0
1.175 1.1849999999999998 1.1799999999999999 5.5298671703651367e-18 0 0 0 297.73836443468713 0.0002183047145425603 0
1.1849999999999998 1.1950000000000001 1.1899999999999999 5.529866662801081e-18 0 0 0 297.73836443468718 0.0002183047145425603 0
1.1950000000000001 1.2049999999999998 1.2 5.5298661555346593e-18 0 0 0 297.73836443468707 0.00021830471454256035 0
1.2049999999999998 1.2149999999999999 1.21 5.5298656457600828e-18 0 0 0 297.73836443468713 0.00021830471454256027 0
1.2149999999999999 1.2249999999999999 1.2199999999999998 5.5298651328723608e-18 0 0 0 297.73836443468707 0.00021830471454256032 0
1.2249999999999999 1.2349999999999999 1.23 5.5298646163765561e-18 0 0 0 297.73836443468713 0.00021830471454256027 0
1.2349999999999999 1.2449999999999999 1.2399999999999998 5.5298640960189769e-18 0 0 0 297.73836443468713 0.00021830471454256032 0
1.2449999999999999 1.2549999999999999 1.25 2.7649318586652651e-18 0 0 0 297.73836443468718 0.00010915235727128256 0
