# axial profiles of the pair PbI2_g -> PbI2_s, bin set native (rhoFixedFlowFoam, axialProfiles.H)
# time 60.000000000027363 directory 60 reason write time
# molarMass 0.46100893999999998
# axis (1 0 0) origin (0 0 0)
# nBins 126
# inventory gas 2.1775493649843366e-12 wall 3.7990545199709098e-11 sample 0
# binned gas 2.1775493649843362e-12 wall 3.7990545199709098e-11 sample 0
# outside gas 0 wall 0 sample 0
# observable wall
# fraction 0.001
# significance 1e-13 minimumAmount 4.0168094564693434e-24
# Tdep fromInlet status found T 595.1765682983231 x 0.50001051055792356 peak 1.4974988525076347e-09 xPeak 0.51999999999999991 threshold 1.4974988525076348e-12 searchFrom 0.02
# Tdep fromPeak status found T 595.1765682983231 x 0.50001051055792356 peak 1.4974988525076347e-09 xPeak 0.51999999999999991 threshold 1.4974988525076348e-12
# Tpeak 559.24717967204379 K at x 0.51999999999999991 m; bin maximum of observable
# columns x_lo x_hi x gas wall sample observable Twall wallArea sampleGas
# units m m m mol/m mol/m mol/m mol/m K m2/m mol/m
-0.0050000000000000001 0.0049999999999999984 -8.6736173798840355e-19 2.3339535081834521e-73 0 0 0 1073.1731026476107 0.00010915235727128012 0
0.0049999999999999984 0.014999999999999996 0.0099999999999999967 1.5662809916812545e-66 0 0 0 1057.4367648442055 0.00021830471454256024 0
0.014999999999999996 0.024999999999999994 0.019999999999999997 4.1256275183831654e-60 0 0 0 1056.1107811980387 0.00021830471454256024 0
0.024999999999999994 0.034999999999999996 0.029999999999999995 7.1410182117888888e-54 0 0 0 1066.7595185649491 0.00021830471454256027 0
0.034999999999999996 0.044999999999999991 0.039999999999999994 1.1114929248666438e-47 0 0 0 1083.5836615103754 0.0002183047145425603 0
0.044999999999999991 0.054999999999999993 0.049999999999999989 2.5736411029215915e-41 0 0 0 1099.8816559260626 0.00021830471454256027 0
0.054999999999999993 0.064999999999999988 0.059999999999999991 7.8425714057528797e-35 0 0 0 1112.5392961054588 0.0002183047145425603 0
0.064999999999999988 0.074999999999999983 0.069999999999999979 1.8743235714607126e-27 0 0 0 1119.8049608669673 0.0002183047145425603 0
0.074999999999999983 0.084999999999999978 0.079999999999999988 1.9520119225030689e-20 0 0 0 1122.6597581769308 0.00021830471454256032 0
0.084999999999999978 0.094999999999999973 0.089999999999999969 6.721967881489118e-15 0 0 0 1123.0831511975584 0.0002183047145425603 3.4658597545535027e-15
0.094999999999999973 0.10499999999999998 0.099999999999999978 1.8145055558035235e-13 0 0 0 1118.9418638614864 0.00021830471454256027 7.972840917525019e-14
0.10499999999999998 0.11499999999999998 0.10999999999999999 3.3413435064882065e-13 0 0 0 1112.2943229572102 0.00021830471454256032 0
0.11499999999999998 0.12499999999999997 0.11999999999999997 4.6224788485925232e-13 0 0 0 1100.8945396746078 0.00021830471454256032 0
0.12499999999999997 0.13499999999999998 0.12999999999999998 6.8114691218240881e-13 0 0 0 1086.4609394305116 0.00021830471454256032 0
0.13499999999999998 0.14499999999999999 0.13999999999999999 9.3391064714835722e-13 0 0 0 1073.5701054659976 0.00021830471454256027 0
0.14499999999999999 0.15499999999999997 0.14999999999999997 1.2574639524133463e-12 0 0 0 1060.0678780623391 0.00021830471454256035 0
0.15499999999999997 0.16499999999999995 0.15999999999999998 1.6373414511085555e-12 0 0 0 1046.3368653014015 0.0002183047145425603 0
0.16499999999999995 0.17499999999999996 0.16999999999999996 1.958868129423662e-12 0 0 0 1035.8711855024569 0.00021830471454256032 0
0.17499999999999996 0.18499999999999997 0.17999999999999997 2.2695955257962726e-12 0 0 0 1026.3277379840929 0.00021830471454256032 0
0.18499999999999997 0.19499999999999995 0.18999999999999995 2.5586622205586968e-12 0 0 0 1017.7507326744926 0.0002183047145425603 0
0.19499999999999995 0.20499999999999993 0.19999999999999996 2.8447367029501808e-12 0 0 0 1009.3110911460606 0.0002183047145425603 0
0.20499999999999993 0.21499999999999997 0.20999999999999996 3.1197654118255125e-12 0 0 0 1001.1883707904777 0.00021830471454256035 0
0.21499999999999997 0.22499999999999998 0.21999999999999997 3.3793989685298103e-12 0 0 0 993.49333931062733 0.00021830471454256032 0
0.22499999999999998 0.23499999999999996 0.22999999999999998 3.6589386125524769e-12 0 0 0 984.99909081857049 0.0002183047145425603 0
0.23499999999999996 0.24499999999999994 0.23999999999999994 3.9981469444086578e-12 0 0 0 974.12389267948879 0.0002183047145425603 0
0.24499999999999994 0.25499999999999995 0.24999999999999994 4.362749971711681e-12 0 0 0 961.64481446913862 0.00021830471454256038 0
0.25499999999999995 0.26499999999999996 0.25999999999999995 4.7810679562955177e-12 0 0 0 945.6781556088323 0.00021830471454256032 0
0.26499999999999996 0.27499999999999997 0.26999999999999996 5.1443446309909413e-12 0 0 0 929.42978806729514 0.00021830471454256027 0
0.27499999999999997 0.28499999999999992 0.27999999999999992 5.4446833468678371e-12 0 0 0 912.8769272069419 0.0002183047145425603 0
0.28499999999999992 0.29499999999999998 0.28999999999999992 5.6636885565941736e-12 0 0 0 898.24437609120184 0.0002183047145425603 0
0.29499999999999998 0.30499999999999994 0.29999999999999993 5.8292554387575814e-12 0 0 0 885.06263469584655 0.0002183047145425603 0
0.30499999999999994 0.31499999999999995 0.30999999999999994 5.9677722441420497e-12 0 0 0 872.49326501088274 0.00021830471454256027 0
0.31499999999999995 0.3249999999999999 0.31999999999999995 6.1167578503220138e-12 0 0 0 857.16304464916107 0.0002183047145425603 0
0.3249999999999999 0.33499999999999991 0.3299999999999999 6.2427648388106276e-12 0 0 0 843.11908199579 0.00021830471454256027 0
0.33499999999999991 0.34499999999999997 0.33999999999999997 6.3517824163783094e-12 0 0 0 830.4371087207569 0.00021830471454256035 0
0.34499999999999997 0.35499999999999993 0.34999999999999998 6.4590525143946764e-12 0 0 0 817.84230612718432 0.0002183047145425603 0
0.35499999999999993 0.36499999999999994 0.35999999999999993 6.5824229210181644e-12 0 0 0 803.31075755410131 0.00021830471454256027 0
0.36499999999999994 0.37499999999999994 0.36999999999999994 6.7191574951811975e-12 0 0 0 787.33643385312348 0.00021830471454256032 0
0.37499999999999994 0.38499999999999995 0.37999999999999995 6.8580680590493387e-12 0 0 0 771.56208727956789 0.00021830471454256027 0
0.38499999999999995 0.39499999999999991 0.3899999999999999 7.0005720870370498e-12 0 0 0 755.98095370428678 0.0002183047145425603 0
0.39499999999999991 0.40499999999999992 0.39999999999999991 7.1491731740321415e-12 0 0 0 740.33559197081968 0.00021830471454256027 0
0.40499999999999992 0.41499999999999987 0.40999999999999992 7.2919157017334869e-12 0 0 0 725.96024751347932 0.00021830471454256027 0
0.41499999999999987 0.42499999999999993 0.41999999999999993 7.4446063021972942e-12 0 0 0 711.03238152403765 0.00021830471454256035 0
0.42499999999999993 0.43499999999999994 0.42999999999999994 7.5925266917127403e-12 0 0 0 697.18924098809168 0.00021830471454256027 0
0.43499999999999994 0.4449999999999999 0.43999999999999995 7.7658628330056347e-12 0 0 0 681.53457963276855 0.0002183047145425603 0
0.4449999999999999 0.45499999999999996 0.44999999999999996 7.9359697720743927e-12 0 0 0 666.97529694060654 0.0002183047145425603 0
0.45499999999999996 0.46499999999999991 0.45999999999999996 8.0925045662786231e-12 0 0 0 654.13342826179985 0.0002183047145425603 0
0.46499999999999991 0.47499999999999992 0.46999999999999992 8.2662527142221502e-12 0 0 0 640.37740142842222 0.00021830471454256032 0
0.47499999999999992 0.48499999999999988 0.47999999999999987 8.4543322481511565e-12 0 0 0 626.05343407211922 0.0002183047145425603 0
0.48499999999999988 0.49499999999999988 0.48999999999999988 8.658349364629821e-12 0 0 0 611.17978574509596 0.00021830471454256027 0
0.49499999999999988 0.50499999999999989 0.49999999999999989 8.8331096437481919e-12 0 0 0 595.19478629092805 0.00021830471454256027 0
0.50499999999999989 0.5149999999999999 0.5099999999999999 7.0545012439412685e-12 1.424756766847348e-09 0 1.424756766847348e-09 577.86174580224224 0.00021830471454256027 0
0.5149999999999999 0.52499999999999991 0.51999999999999991 2.9318629341353977e-12 1.4974988525076347e-09 0 1.4974988525076347e-09 559.24717967204379 0.00021830471454256027 0
0.52499999999999991 0.53499999999999992 0.52999999999999992 1.0315029932654809e-12 5.3301676149863716e-10 0 5.3301676149863716e-10 542.60735583472501 0.00021830471454256027 0
0.53499999999999992 0.54499999999999982 0.53999999999999981 3.1956251525159454e-13 2.4154983611563245e-10 0 2.4154983611563245e-10 524.31087500385649 0.0002183047145425603 0
0.54499999999999982 0.55499999999999994 0.54999999999999982 9.4660547704019275e-14 7.4880686432468855e-11 0 7.4880686432468855e-11 506.80540941901802 0.00021830471454256032 0
0.55499999999999994 0.56499999999999995 0.55999999999999994 2.4953964746510876e-14 2.0801999227987044e-11 0 2.0801999227987044e-11 488.69697175942855 0.00021830471454256027 0
0.56499999999999995 0.57499999999999984 0.56999999999999984 5.5191196188735324e-15 5.3127795839141806e-12 0 5.3127795839141806e-12 469.49369662673962 0.00021830471454256032 0
0.57499999999999984 0.58499999999999996 0.57999999999999985 9.967073483649541e-16 1.0519914835765978e-12 0 1.0519914835765978e-12 449.26689534831468 0.00021830471454256027 0
0.58499999999999996 0.59499999999999997 0.58999999999999997 9.8143667938502086e-17 1.710874645736875e-13 0 1.710874645736875e-13 423.05669821181027 0.00021830471454256027 0
0.59499999999999997 0.60499999999999987 0.59999999999999987 4.6296299716112869e-18 1.3346936453513141e-14 0 1.3346936453513141e-14 389.43827312828745 0.00021830471454256032 0
0.60499999999999987 0.61499999999999988 0.60999999999999988 1.0069273138745287e-19 4.0538307289192329e-16 0 4.0538307289192329e-16 357.35739012722507 0.00021830471454256027 0
0.61499999999999988 0.62499999999999989 0.61999999999999988 1.649539433272956e-21 6.3938872180244607e-18 0 6.3938872180244607e-18 333.49892256775837 0.00021830471454256027 0
0.62499999999999989 0.6349999999999999 0.62999999999999989 3.9309391257263885e-23 9.0838045788101584e-20 0 9.0838045788101584e-20 320.50168852141104 0.00021830471454256027 0
0.6349999999999999 0.64499999999999991 0.6399999999999999 4.4305820073995536e-24 4.1399092183718313e-21 0 4.1399092183718313e-21 311.86792615059125 0.00021830471454256032 0
0.64499999999999991 0.6549999999999998 0.64999999999999991 1.4111912860811454e-24 4.9573250525873042e-22 0 4.9573250525873042e-22 307.04975303903825 0.0002183047145425603 0
0.6549999999999998 0.66499999999999992 0.65999999999999992 8.7179351220288333e-25 1.0874054335729074e-22 0 1.0874054335729074e-22 305.03702769492173 0.00021830471454256032 0
0.66499999999999992 0.67499999999999982 0.66999999999999993 6.34515587513894e-25 4.4956994314607648e-23 0 4.4956994314607648e-23 303.51411933586024 0.0002183047145425603 0
0.67499999999999982 0.68499999999999983 0.67999999999999983 4.6446236767663378e-25 3.5670280627334637e-23 0 3.5670280627334637e-23 302.04151420654239 0.00021830471454256027 0
0.68499999999999983 0.69499999999999995 0.68999999999999995 3.4985314180759798e-25 1.8791603977356329e-23 0 1.8791603977356329e-23 300.88890967665759 0.00021830471454256032 0
0.69499999999999995 0.70499999999999985 0.69999999999999996 2.7721581934137165e-25 1.7176748976945009e-23 0 1.7176748976945009e-23 299.69233712020326 0.0002183047145425603 0
0.70499999999999985 0.71499999999999986 0.70999999999999985 2.0745836982842282e-25 1.8091553201439879e-23 0 1.8091553201439879e-23 298.34904704574126 0.00021830471454256032 0
0.71499999999999986 0.72499999999999987 0.71999999999999986 1.8045112092562842e-25 3.4318889628097675e-24 0 3.4318889628097675e-24 297.97445464463658 0.00021830471454256027 0
0.72499999999999987 0.73499999999999988 0.72999999999999987 1.781226412705751e-25 1.2822586399862136e-25 0 1.2822586399862136e-25 297.97380118511376 0.00021830471454256027 0
0.73499999999999988 0.74499999999999988 0.73999999999999988 1.7735668703552526e-25 3.3675479433991021e-26 0 3.3675479433991021e-26 297.73836443468713 0.00021830471454256027 0
0.74499999999999988 0.75499999999999989 0.74999999999999989 1.736002290279169e-25 1.1327994536070043e-24 0 1.1327994536070043e-24 297.68926074285491 0.00021830471454256027 0
0.75499999999999989 0.7649999999999999 0.7599999999999999 1.72454190825555e-25 0 0 0 297.73836443468718 0.00021830471454256027 0
0.7649999999999999 0.77499999999999991 0.76999999999999991 1.7245397258801034e-25 0 0 0 297.73836443468713 0.00021830471454256027 0
0.77499999999999991 0.78499999999999981 0.7799999999999998 1.7245395443910639e-25 0 0 0 297.73836443468707 0.00021830471454256032 0
0.78499999999999981 0.79499999999999982 0.78999999999999981 1.7245393800791948e-25 0 0 0 297.73836443468707 0.00021830471454256027 0
0.79499999999999982 0.80499999999999994 0.79999999999999982 1.7245392158503398e-25 0 0 0 297.73836443468713 0.00021830471454256032 0
0.80499999999999994 0.81499999999999984 0.80999999999999983 1.7245390516108639e-25 0 0 0 297.73836443468718 0.0002183047145425603 0
0.81499999999999984 0.82499999999999984 0.81999999999999984 1.7245388873777874e-25 0 0 0 297.73836443468707 0.00021830471454256027 0
0.82499999999999984 0.83499999999999974 0.82999999999999985 1.7245387231420268e-25 0 0 0 297.73836443468713 0.0002183047145425603 0
0.83499999999999974 0.84499999999999986 0.83999999999999986 1.7245385589078673e-25 0 0 0 297.73836443468713 0.00021830471454256032 0
0.84499999999999986 0.85499999999999987 0.84999999999999987 1.7245383946749164e-25 0 0 0 297.73836443468713 0.00021830471454256027 0
0.85499999999999987 0.86499999999999977 0.85999999999999988 1.724538230440967e-25 0 0 0 297.73836443468718 0.0002183047145425603 0
0.86499999999999977 0.87499999999999989 0.86999999999999988 1.7245380662082682e-25 0 0 0 297.73836443468713 0.00021830471454256032 0
0.87499999999999989 0.8849999999999999 0.87999999999999989 1.7245379019739305e-25 0 0 0 297.73836443468713 0.00021830471454256027 0
0.8849999999999999 0.8949999999999998 0.8899999999999999 1.7245377377412372e-25 0 0 0 297.73836443468713 0.0002183047145425603 0
0.8949999999999998 0.9049999999999998 0.8999999999999998 1.7245375732282381e-25 0 0 0 297.73836443468707 0.00021830471454256027 0
0.9049999999999998 0.91499999999999992 0.90999999999999992 1.7245374080206543e-25 0 0 0 297.73836443468713 0.00021830471454256027 0
0.91499999999999992 0.92499999999999982 0.91999999999999993 1.7245372437874673e-25 0 0 0 297.73836443468713 0.0002183047145425603 0
0.92499999999999982 0.93499999999999983 0.92999999999999983 1.7245370795552472e-25 0 0 0 297.73836443468707 0.00021830471454256032 0
0.93499999999999983 0.94499999999999984 0.93999999999999984 1.7245369153222953e-25 0 0 0 297.73836443468718 0.00021830471454256024 0
0.94499999999999984 0.95499999999999985 0.94999999999999984 1.7245367510898422e-25 0 0 0 297.73836443468713 0.00021830471454256027 0
0.95499999999999985 0.96499999999999986 0.95999999999999985 1.7245365868569303e-25 0 0 0 297.73836443468713 0.00021830471454256032 0
0.96499999999999986 0.97499999999999976 0.96999999999999975 1.7245364226242404e-25 0 0 0 297.73836443468718 0.0002183047145425603 0
0.97499999999999976 0.98499999999999988 0.97999999999999976 1.7245362583915308e-25 0 0 0 297.73836443468713 0.00021830471454256032 0
0.98499999999999988 0.99499999999999977 0.98999999999999977 1.7245360941591185e-25 0 0 0 297.73836443468713 0.0002183047145425603 0
0.99499999999999977 1.0049999999999999 0.99999999999999978 1.7245359299268685e-25 0 0 0 297.73836443468701 0.00021830471454256032 0
1.0049999999999999 1.0149999999999999 1.0099999999999998 1.7245357656949438e-25 0 0 0 297.73836443468707 0.00021830471454256027 0
1.0149999999999999 1.0249999999999999 1.02 1.7245356014632086e-25 0 0 0 297.73836443468713 0.00021830471454256027 0
1.0249999999999999 1.0349999999999999 1.0299999999999998 1.7245354372309384e-25 0 0 0 297.73836443468707 0.00021830471454256027 0
1.0349999999999999 1.0449999999999999 1.04 1.7245352725807818e-25 0 0 0 297.73836443468701 0.00021830471454256032 0
1.0449999999999999 1.0549999999999999 1.0499999999999998 1.7245351075126189e-25 0 0 0 297.73836443468713 0.00021830471454256027 0
1.0549999999999999 1.0649999999999997 1.0599999999999998 1.7245349432794988e-25 0 0 0 297.73836443468713 0.0002183047145425603 0
1.0649999999999997 1.075 1.0699999999999998 1.7245347790460685e-25 0 0 0 297.73836443468713 0.0002183047145425603 0
1.075 1.085 1.0800000000000001 1.7245346148128814e-25 0 0 0 297.73836443468713 0.00021830471454256027 0
1.085 1.0949999999999998 1.0899999999999999 1.7245344505799412e-25 0 0 0 297.73836443468713 0.0002183047145425603 0
1.0949999999999998 1.105 1.0999999999999999 1.7245342863468744e-25 0 0 0 297.73836443468718 0.00021830471454256027 0
1.105 1.115 1.1099999999999999 1.7245341221135781e-25 0 0 0 297.73836443468713 0.00021830471454256032 0
1.115 1.1249999999999998 1.1199999999999999 1.724533957879997e-25 0 0 0 297.73836443468713 0.0002183047145425603 0
1.1249999999999998 1.135 1.1299999999999999 1.7245337936462411e-25 0 0 0 297.73836443468713 0.0002183047145425603 0
1.135 1.145 1.1400000000000001 1.7245336294124426e-25 0 0 0 297.73836443468713 0.00021830471454256027 0
1.145 1.1549999999999998 1.1499999999999999 1.724533465178875e-25 0 0 0 297.73836443468713 0.0002183047145425603 0
1.1549999999999998 1.165 1.1599999999999999 1.7245333009446576e-25 0 0 0 297.73836443468713 0.0002183047145425603 0
1.165 1.175 1.1699999999999999 1.7245331367098663e-25 0 0 0 297.73836443468713 0.00021830471454256032 0
1.175 1.1849999999999998 1.1799999999999999 1.7245329719179504e-25 0 0 0 297.73836443468713 0.0002183047145425603 0
1.1849999999999998 1.1950000000000001 1.1899999999999999 1.7245328069865028e-25 0 0 0 297.73836443468718 0.0002183047145425603 0
1.1950000000000001 1.2049999999999998 1.2 1.7245326427510124e-25 0 0 0 297.73836443468707 0.00021830471454256035 0
1.2049999999999998 1.2149999999999999 1.21 1.7245324785155021e-25 0 0 0 297.73836443468713 0.00021830471454256027 0
1.2149999999999999 1.2249999999999999 1.2199999999999998 1.7245323142802208e-25 0 0 0 297.73836443468707 0.00021830471454256032 0
1.2249999999999999 1.2349999999999999 1.23 1.7245321500455918e-25 0 0 0 297.73836443468713 0.00021830471454256027 0
1.2349999999999999 1.2449999999999999 1.2399999999999998 1.7245319858110078e-25 0 0 0 297.73836443468713 0.00021830471454256032 0
1.2449999999999999 1.2549999999999999 1.25 8.6226593349429051e-26 0 0 0 297.73836443468718 0.00010915235727128256 0
