# axial profiles of the pair BiI3_g -> BiI3_s, bin set native (rhoFixedFlowFoam, axialProfiles.H)
# time 60.000000000027363 directory 60 reason write time
# molarMass 0.58969380999999998
# axis (1 0 0) origin (0 0 0)
# nBins 126
# inventory gas 1.404579251110549e-14 wall 6.7669518365892067e-13 sample 0
# binned gas 1.404579251110549e-14 wall 6.7669518365892067e-13 sample 0
# outside gas 0 wall 0 sample 0
# observable wall
# fraction 0.001
# significance 1e-13 minimumAmount 6.9074097617002616e-26
# Tdep fromInlet status found T 439.48680460104134 x 0.57002682550678285 peak 4.6818183213640322e-11 xPeak 0.58999999999999997 threshold 4.6818183213640322e-14 searchFrom 0.02
# Tdep fromPeak status found T 439.48680460104134 x 0.57002682550678285 peak 4.6818183213640322e-11 xPeak 0.58999999999999997 threshold 4.6818183213640322e-14
# Tpeak 381.3025755151786 K at x 0.58999999999999997 m; bin maximum of observable
# columns x_lo x_hi x gas wall sample observable Twall wallArea sampleGas
# units m m m mol/m mol/m mol/m mol/m K m2/m mol/m
-0.0050000000000000001 0.0049999999999999984 -8.6736173798840355e-19 6.3540824123335973e-104 0 0 0 1154.302993348115 0.00010478626298042893 0
0.0049999999999999984 0.014999999999999996 0.0099999999999999967 1.8495275515925451e-94 0 0 0 1154.302993348115 0.00020957252596085787 0
0.014999999999999996 0.024999999999999994 0.019999999999999997 1.6223339689420844e-84 0 0 0 1135.8602061407389 0.00020957252596085787 0
0.024999999999999994 0.034999999999999996 0.029999999999999995 1.2664115995397517e-74 0 0 0 1106.4823657028076 0.00020957252596085787 0
0.034999999999999996 0.044999999999999991 0.039999999999999994 3.7802280057905935e-65 0 0 0 1084.1152452756746 0.00020957252596085784 0
0.044999999999999991 0.054999999999999993 0.049999999999999989 4.7711062076856423e-56 0 0 0 1077.7836983536272 0.00020957252596085787 0
0.054999999999999993 0.064999999999999988 0.059999999999999991 2.9166223949304187e-47 0 0 0 1087.4389536837232 0.00020957252596085784 0
0.064999999999999988 0.074999999999999983 0.069999999999999979 6.6898196992692673e-37 0 0 0 1100.3353295937864 0.00020957252596085789 0
0.074999999999999983 0.084999999999999978 0.079999999999999988 1.183385937319971e-27 0 0 0 1113.1517324120111 0.00020957252596085784 0
0.084999999999999978 0.094999999999999973 0.089999999999999969 7.7056942614190649e-22 0 0 0 1123.4653608381195 0.00020957252596085789 0
0.094999999999999973 0.10499999999999998 0.099999999999999978 9.9082474496824883e-21 0 0 0 1129.0473979174603 0.00020957252596085789 0
0.10499999999999998 0.11499999999999998 0.10999999999999999 1.3917571344303796e-20 0 0 0 1128.6787628077759 0.00020957252596085784 0
0.11499999999999998 0.12499999999999997 0.11999999999999997 1.4174395228746539e-20 0 0 0 1125.9752196799477 0.00020957252596085789 0
0.12499999999999997 0.13499999999999998 0.12999999999999998 1.4829676525031686e-20 0 0 0 1118.7566768471122 0.00020957252596085787 0
0.13499999999999998 0.14499999999999999 0.13999999999999999 1.570537695979169e-20 0 0 0 1108.5308034373845 0.00020957252596085787 0
0.14499999999999999 0.15499999999999997 0.14999999999999997 1.6746620848942914e-20 0 0 0 1095.2061162415996 0.00020957252596085784 0
0.15499999999999997 0.16499999999999995 0.15999999999999998 1.7798969996122399e-20 0 0 0 1079.5631115304627 0.00020957252596085789 0
0.16499999999999995 0.17499999999999996 0.16999999999999996 1.8611446395697999e-20 0 0 0 1064.2781971120739 0.00020957252596085789 0
0.17499999999999996 0.18499999999999997 0.17999999999999997 1.9150409404763329e-20 0 0 0 1050.2433813506827 0.00020957252596085787 0
0.18499999999999997 0.19499999999999995 0.18999999999999995 1.9432559310815845e-20 0 0 0 1037.4390894462922 0.00020957252596085784 0
0.19499999999999995 0.20499999999999993 0.19999999999999996 1.9507460352196275e-20 0 0 0 1027.5362213778137 0.00020957252596085784 0
0.20499999999999993 0.21499999999999997 0.20999999999999996 1.9445505588652179e-20 0 0 0 1017.5639144607998 0.00020957252596085787 0
0.21499999999999997 0.22499999999999998 0.21999999999999997 1.9339300969896072e-20 0 0 0 1008.2393178003656 0.00020957252596085787 0
0.22499999999999998 0.23499999999999996 0.22999999999999998 2.1856117238668461e-20 0 0 0 998.51411750159855 0.00020957252596085784 0
0.23499999999999996 0.24499999999999994 0.23999999999999994 2.8611197667984308e-20 0 0 0 989.10066504526071 0.00020957252596085784 0
0.24499999999999994 0.25499999999999995 0.24999999999999994 3.9205041755393511e-20 0 0 0 978.61455731031253 0.00020957252596085787 0
0.25499999999999995 0.26499999999999996 0.25999999999999995 5.7513701771419997e-20 0 0 0 964.98310550784618 0.00020957252596085789 0
0.26499999999999996 0.27499999999999997 0.26999999999999996 8.7763652430650557e-20 0 0 0 948.96016513586085 0.00020957252596085787 0
0.27499999999999997 0.28499999999999992 0.27999999999999992 1.3057645108629546e-19 0 0 0 932.80329097365529 0.00020957252596085787 0
0.28499999999999992 0.29499999999999998 0.28999999999999992 1.8940997888365473e-19 0 0 0 915.55609302381356 0.00020957252596085787 0
0.29499999999999998 0.30499999999999994 0.29999999999999993 2.59795086358193e-19 0 0 0 898.97465478271022 0.00020957252596085787 0
0.30499999999999994 0.31499999999999995 0.30999999999999994 3.3179719479090586e-19 0 0 0 883.97852607337131 0.00020957252596085789 0
0.31499999999999995 0.3249999999999999 0.31999999999999995 4.1512323437908957e-19 0 0 0 867.36611722294708 0.00020957252596085787 0
0.3249999999999999 0.33499999999999991 0.3299999999999999 4.9299576478037665e-19 0 0 0 852.83938291799382 0.00020957252596085787 0
0.33499999999999991 0.34499999999999997 0.33999999999999997 5.6782406281535656e-19 0 0 0 838.12536400579859 0.00020957252596085787 0
0.34499999999999997 0.35499999999999993 0.34999999999999998 6.4791805361434056e-19 0 0 0 821.21055640845384 0.00020957252596085784 0
0.35499999999999993 0.36499999999999994 0.35999999999999993 7.2243598797463715e-19 0 0 0 805.87672823774142 0.00020957252596085789 0
0.36499999999999994 0.37499999999999994 0.36999999999999994 7.9500857920021653e-19 0 0 0 789.90594630887142 0.00020957252596085789 0
0.37499999999999994 0.38499999999999995 0.37999999999999995 8.8358595061515391e-19 0 0 0 773.7208877251461 0.00020957252596085787 0
0.38499999999999995 0.39499999999999991 0.3899999999999999 1.0409930250089809e-18 0 0 0 757.25534567865361 0.00020957252596085787 0
0.39499999999999991 0.40499999999999992 0.39999999999999991 1.4117842888813259e-18 0 0 0 741.22949414832408 0.00020957252596085787 0
0.40499999999999992 0.41499999999999987 0.40999999999999992 2.2650842209655587e-18 0 0 0 725.27589835008484 0.00020957252596085787 0
0.41499999999999987 0.42499999999999993 0.41999999999999993 4.7451397574077441e-18 0 0 0 709.09620491548515 0.00020957252596085784 0
0.42499999999999993 0.43499999999999994 0.42999999999999994 1.2034017969189704e-17 0 0 0 693.04744079270245 0.00020957252596085787 0
0.43499999999999994 0.4449999999999999 0.43999999999999995 3.5944103817473861e-17 0 0 0 677.0827612218477 0.00020957252596085787 0
0.4449999999999999 0.45499999999999996 0.44999999999999996 1.4919586599742976e-16 0 0 0 661.16565008170505 0.00020957252596085787 0
0.45499999999999996 0.46499999999999991 0.45999999999999996 5.0214654756792764e-16 0 0 0 645.48472514025832 0.00020957252596085787 0
0.46499999999999991 0.47499999999999992 0.46999999999999992 1.9863946131613114e-15 0 0 0 629.58094797048295 0.00020957252596085789 0
0.47499999999999992 0.48499999999999988 0.47999999999999987 7.3539715939616243e-15 0 0 0 614.05679501081397 0.00020957252596085787 0
0.48499999999999988 0.49499999999999988 0.48999999999999988 2.4823802743222502e-14 0 0 0 596.67938129268146 0.00020957252596085787 0
0.49499999999999988 0.50499999999999989 0.49999999999999989 5.6818421629349858e-14 0 0 0 579.96018063398822 0.00020957252596085787 0
0.50499999999999989 0.5149999999999999 0.5099999999999999 9.6833272251179175e-14 0 0 0 561.23725858341004 0.00020957252596085787 0
0.5149999999999999 0.52499999999999991 0.51999999999999991 1.3060087905407801e-13 0 0 0 542.21170108454044 0.00020957252596085787 0
0.52499999999999991 0.53499999999999992 0.52999999999999992 1.5239250893953089e-13 0 0 0 524.50143624940358 0.00020957252596085789 0
0.53499999999999992 0.54499999999999982 0.53999999999999981 1.6837467380320553e-13 0 0 0 504.81445713085526 0.00020957252596085784 0
0.54499999999999982 0.55499999999999994 0.54999999999999982 1.8021492242660589e-13 0 0 0 483.72065400014549 0.00020957252596085787 0
0.55499999999999994 0.56499999999999995 0.55999999999999994 1.8989147527071394e-13 0 0 0 463.06714155496843 0.00020957252596085787 0
0.56499999999999995 0.57499999999999984 0.56999999999999984 1.9893197173006724e-13 0 0 0 439.5608318972009 0.00020957252596085789 0
0.57499999999999984 0.58499999999999996 0.57999999999999985 1.669791195347763e-13 1.7452860664392294e-11 0 1.7452860664392294e-11 411.96497070499737 0.00020957252596085787 0
0.58499999999999996 0.59499999999999997 0.58999999999999997 2.7432797973582116e-14 4.6818183213640322e-11 0 4.6818183213640322e-11 381.3025755151786 0.00020957252596085787 0
0.59499999999999997 0.60499999999999987 0.59999999999999987 1.1696493933818687e-15 3.2919201667107945e-12 0 3.2919201667107945e-12 351.8183714055973 0.00020957252596085784 0
0.60499999999999987 0.61499999999999988 0.60999999999999988 4.9064175312323526e-17 1.0156722939017481e-13 0 1.0156722939017481e-13 331.10641279851086 0.00020957252596085787 0
0.61499999999999988 0.62499999999999989 0.61999999999999988 4.957030135866522e-18 4.0662684641650483e-15 0 4.0662684641650483e-15 319.35235744168398 0.00020957252596085787 0
0.62499999999999989 0.6349999999999999 0.62999999999999989 1.1294298832311925e-18 6.9443879971491782e-16 0 6.9443879971491782e-16 310.6276509015708 0.00020957252596085787 0
0.6349999999999999 0.64499999999999991 0.6399999999999999 4.8667184517151339e-19 1.3955577669845962e-16 0 1.3955577669845962e-16 305.93443489284596 0.00020957252596085789 0
0.64499999999999991 0.6549999999999998 0.64999999999999991 2.9653798624252206e-19 3.7778158155767966e-17 0 3.7778158155767966e-17 303.20784855419913 0.00020957252596085789 0
0.6549999999999998 0.66499999999999992 0.65999999999999992 1.9036965324971579e-19 2.1356532479718493e-17 0 2.1356532479718493e-17 300.83280588171789 0.00020957252596085787 0
0.66499999999999992 0.67499999999999982 0.66999999999999993 1.4771224312880026e-19 1.1237603932835163e-17 0 1.1237603932835163e-17 299.56199673789473 0.00020957252596085784 0
0.67499999999999982 0.68499999999999983 0.67999999999999983 1.2883701114869341e-19 4.6971191554997187e-18 0 4.6971191554997187e-18 298.69135125514839 0.00020957252596085787 0
0.68499999999999983 0.69499999999999995 0.68999999999999995 1.0701525311508439e-19 5.7468803597430572e-18 0 5.7468803597430572e-18 297.57948343797477 0.00020957252596085787 0
0.69499999999999995 0.70499999999999985 0.69999999999999996 9.3501690142486221e-20 2.2750949565000338e-18 0 2.2750949565000338e-18 296.8347522801696 0.00020957252596085784 0
0.70499999999999985 0.71499999999999986 0.70999999999999985 8.3636710563971264e-20 1.8584663319401448e-18 0 1.8584663319401448e-18 296.20986696230597 0.00020957252596085787 0
0.71499999999999986 0.72499999999999987 0.71999999999999986 8.1730932032638652e-20 1.4461962370527177e-19 0 1.4461962370527177e-19 296.15016703537816 0.00020957252596085789 0
0.72499999999999987 0.73499999999999988 0.72999999999999987 7.5612746545672869e-20 1.7342426909013892e-18 0 1.7342426909013892e-18 295.92206614847794 0.00020957252596085787 0
0.73499999999999988 0.74499999999999988 0.73999999999999988 7.5216364067874615e-20 0 0 0 296.20986696230591 0.00020957252596085789 0
0.74499999999999988 0.75499999999999989 0.74999999999999989 7.5215677772303714e-20 0 0 0 296.20986696230597 0.00020957252596085787 0
0.75499999999999989 0.7649999999999999 0.7599999999999999 7.5215667034864734e-20 0 0 0 296.20986696230597 0.00020957252596085787 0
0.7649999999999999 0.77499999999999991 0.76999999999999991 7.5215658612149194e-20 0 0 0 296.20986696230597 0.00020957252596085787 0
0.77499999999999991 0.78499999999999981 0.7799999999999998 7.5215650252836219e-20 0 0 0 296.20986696230591 0.00020957252596085789 0
0.78499999999999981 0.79499999999999982 0.78999999999999981 7.5215641893426827e-20 0 0 0 296.20986696230591 0.00020957252596085789 0
0.79499999999999982 0.80499999999999994 0.79999999999999982 7.5215633534071084e-20 0 0 0 296.20986696230602 0.00020957252596085787 0
0.80499999999999994 0.81499999999999984 0.80999999999999983 7.5215625174672682e-20 0 0 0 296.20986696230597 0.00020957252596085784 0
0.81499999999999984 0.82499999999999984 0.81999999999999984 7.521561681529248e-20 0 0 0 296.20986696230597 0.00020957252596085787 0
0.82499999999999984 0.83499999999999974 0.82999999999999985 7.5215608455887265e-20 0 0 0 296.20986696230597 0.00020957252596085789 0
0.83499999999999974 0.84499999999999986 0.83999999999999986 7.5215600096472697e-20 0 0 0 296.20986696230597 0.00020957252596085787 0
0.84499999999999986 0.85499999999999987 0.84999999999999987 7.5215591737063365e-20 0 0 0 296.20986696230591 0.00020957252596085789 0
0.85499999999999987 0.86499999999999977 0.85999999999999988 7.5215583377634702e-20 0 0 0 296.20986696230597 0.00020957252596085784 0
0.86499999999999977 0.87499999999999989 0.86999999999999988 7.521557501818371e-20 0 0 0 296.20986696230602 0.00020957252596085787 0
0.87499999999999989 0.8849999999999999 0.87999999999999989 7.5215566658694873e-20 0 0 0 296.20986696230591 0.00020957252596085789 0
0.8849999999999999 0.8949999999999998 0.8899999999999999 7.5215558299173922e-20 0 0 0 296.20986696230591 0.00020957252596085789 0
0.8949999999999998 0.9049999999999998 0.8999999999999998 7.5215549925450814e-20 0 0 0 296.20986696230597 0.00020957252596085787 0
0.9049999999999998 0.91499999999999992 0.90999999999999992 7.5215541516254652e-20 0 0 0 296.20986696230597 0.00020957252596085787 0
0.91499999999999992 0.92499999999999982 0.91999999999999993 7.521553315666338e-20 0 0 0 296.20986696230602 0.00020957252596085784 0
0.92499999999999982 0.93499999999999983 0.92999999999999983 7.5215524797069557e-20 0 0 0 296.20986696230591 0.00020957252596085789 0
0.93499999999999983 0.94499999999999984 0.93999999999999984 7.5215516437472772e-20 0 0 0 296.20986696230597 0.00020957252596085787 0
0.94499999999999984 0.95499999999999985 0.94999999999999984 7.5215508077859039e-20 0 0 0 296.20986696230597 0.00020957252596085787 0
0.95499999999999985 0.96499999999999986 0.95999999999999985 7.5215499718221388e-20 0 0 0 296.20986696230591 0.00020957252596085789 0
0.96499999999999986 0.97499999999999976 0.96999999999999975 7.5215491358561396e-20 0 0 0 296.20986696230597 0.00020957252596085784 0
0.97499999999999976 0.98499999999999988 0.97999999999999976 7.5215482998933207e-20 0 0 0 296.20986696230597 0.00020957252596085787 0
0.98499999999999988 0.99499999999999977 0.98999999999999977 7.5215474639351227e-20 0 0 0 296.20986696230597 0.00020957252596085784 0
0.99499999999999977 1.0049999999999999 0.99999999999999978 7.521546627977588e-20 0 0 0 296.20986696230602 0.00020957252596085787 0
1.0049999999999999 1.0149999999999999 1.0099999999999998 7.5215457920192192e-20 0 0 0 296.20986696230597 0.00020957252596085787 0
1.0149999999999999 1.0249999999999999 1.02 7.521544956060807e-20 0 0 0 296.20986696230597 0.00020957252596085787 0
1.0249999999999999 1.0349999999999999 1.0299999999999998 7.5215441201000644e-20 0 0 0 296.20986696230591 0.00020957252596085789 0
1.0349999999999999 1.0449999999999999 1.04 7.5215432820140738e-20 0 0 0 296.20986696230597 0.00020957252596085787 0
1.0449999999999999 1.0549999999999999 1.0499999999999998 7.521542441803437e-20 0 0 0 296.20986696230597 0.00020957252596085787 0
1.0549999999999999 1.0649999999999997 1.0599999999999998 7.521541605849694e-20 0 0 0 296.20986696230602 0.00020957252596085784 0
1.0649999999999997 1.075 1.0699999999999998 7.5215407698939709e-20 0 0 0 296.20986696230591 0.00020957252596085789 0
1.075 1.085 1.0800000000000001 7.5215399339368334e-20 0 0 0 296.20986696230597 0.00020957252596085787 0
1.085 1.0949999999999998 1.0899999999999999 7.5215390979747294e-20 0 0 0 296.20986696230597 0.00020957252596085784 0
1.0949999999999998 1.105 1.0999999999999999 7.5215382620113158e-20 0 0 0 296.20986696230597 0.00020957252596085787 0
1.105 1.115 1.1099999999999999 7.5215374260452433e-20 0 0 0 296.20986696230597 0.00020957252596085787 0
1.115 1.1249999999999998 1.1199999999999999 7.5215365900776757e-20 0 0 0 296.20986696230591 0.00020957252596085789 0
1.1249999999999998 1.135 1.1299999999999999 7.52153575410918e-20 0 0 0 296.20986696230591 0.00020957252596085787 0
1.135 1.145 1.1400000000000001 7.5215349181396059e-20 0 0 0 296.20986696230591 0.00020957252596085789 0
1.145 1.1549999999999998 1.1499999999999999 7.5215340821682875e-20 0 0 0 296.20986696230597 0.00020957252596085789 0
1.1549999999999998 1.165 1.1599999999999999 7.5215332461967814e-20 0 0 0 296.20986696230597 0.00020957252596085787 0
1.165 1.175 1.1699999999999999 7.5215324102220554e-20 0 0 0 296.20986696230597 0.00020957252596085787 0
1.175 1.1849999999999998 1.1799999999999999 7.5215315714119392e-20 0 0 0 296.20986696230591 0.00020957252596085789 0
1.1849999999999998 1.1950000000000001 1.1899999999999999 7.5215307318896406e-20 0 0 0 296.20986696230597 0.00020957252596085787 0
1.1950000000000001 1.2049999999999998 1.2 7.5215298959120173e-20 0 0 0 296.20986696230597 0.00020957252596085789 0
1.2049999999999998 1.2149999999999999 1.21 7.521529059935582e-20 0 0 0 296.20986696230597 0.00020957252596085787 0
1.2149999999999999 1.2249999999999999 1.2199999999999998 7.521528223963084e-20 0 0 0 296.20986696230597 0.00020957252596085787 0
1.2249999999999999 1.2349999999999999 1.23 7.5215273879921858e-20 0 0 0 296.20986696230597 0.00020957252596085787 0
1.2349999999999999 1.2449999999999999 1.2399999999999998 7.5215265520196457e-20 0 0 0 296.20986696230597 0.00020957252596085787 0
1.2449999999999999 1.2549999999999999 1.25 3.7607629735981267e-20 0 0 0 296.20986696230591 0.00010478626298043125 0
