# axial profiles of the pair BiI3_g -> BiI3_s, bin set native (rhoFixedFlowFoam, axialProfiles.H)
# time 60.000000000027363 directory 60 reason write time
# molarMass 0.58969380999999998
# axis (1 0 0) origin (0 0 0)
# nBins 126
# inventory gas 4.8534284158161272e-13 wall 2.1950093980278061e-11 sample 0
# binned gas 4.8534284158161272e-13 wall 2.1950093980278061e-11 sample 0
# outside gas 0 wall 0 sample 0
# observable wall
# fraction 0.001
# significance 1e-13 minimumAmount 2.2435436821859679e-24
# Tdep fromInlet status found T 463.04363524531067 x 0.5600099999999999 peak 1.4736174165595668e-09 xPeak 0.56999999999999984 threshold 1.4736174165595668e-12 searchFrom 0.02
# Tdep fromPeak status found T 463.04363524531067 x 0.5600099999999999 peak 1.4736174165595668e-09 xPeak 0.56999999999999984 threshold 1.4736174165595668e-12
# Tpeak 439.5608318972009 K at x 0.56999999999999984 m; bin maximum of observable
# columns x_lo x_hi x gas wall sample observable Twall wallArea sampleGas
# units m m m mol/m mol/m mol/m mol/m K m2/m mol/m
-0.0050000000000000001 0.0049999999999999984 -8.6736173798840355e-19 8.7913117130019706e-106 0 0 0 1154.302993348115 0.00010478626298042893 0
0.0049999999999999984 0.014999999999999996 0.0099999999999999967 2.5589490618304735e-96 0 0 0 1154.302993348115 0.00020957252596085787 0
0.014999999999999996 0.024999999999999994 0.019999999999999997 2.2446110544420471e-86 0 0 0 1135.8602061407389 0.00020957252596085787 0
0.024999999999999994 0.034999999999999996 0.029999999999999995 1.752167882951186e-76 0 0 0 1106.4823657028076 0.00020957252596085787 0
0.034999999999999996 0.044999999999999991 0.039999999999999994 5.2302064388408648e-67 0 0 0 1084.1152452756746 0.00020957252596085784 0
0.044999999999999991 0.054999999999999993 0.049999999999999989 6.6011548716671931e-58 0 0 0 1077.7836983536272 0.00020957252596085787 0
0.054999999999999993 0.064999999999999988 0.059999999999999991 4.0353511529498287e-49 0 0 0 1087.4389536837232 0.00020957252596085784 0
0.064999999999999988 0.074999999999999983 0.069999999999999979 9.2609067037445865e-39 0 0 0 1100.3353295937864 0.00020957252596085789 0
0.074999999999999983 0.084999999999999978 0.079999999999999988 1.7915641807660539e-29 0 0 0 1113.1517324120111 0.00020957252596085784 0
0.084999999999999978 0.094999999999999973 0.089999999999999969 7.9280778650740525e-23 0 0 0 1123.4653608381195 0.00020957252596085789 4.1187561287328843e-23
0.094999999999999973 0.10499999999999998 0.099999999999999978 2.4548411194355407e-21 0 0 0 1129.0473979174603 0.00020957252596085789 1.084000388158518e-21
0.10499999999999998 0.11499999999999998 0.10999999999999999 4.0901201280406472e-21 0 0 0 1128.6787628077759 0.00020957252596085784 0
0.11499999999999998 0.12499999999999997 0.11999999999999997 4.4279523809689397e-21 0 0 0 1125.9752196799477 0.00020957252596085789 0
0.12499999999999997 0.13499999999999998 0.12999999999999998 5.4408418633068579e-21 0 0 0 1118.7566768471122 0.00020957252596085787 0
0.13499999999999998 0.14499999999999999 0.13999999999999999 7.3212174560754645e-21 0 0 0 1108.5308034373845 0.00020957252596085787 0
0.14499999999999999 0.15499999999999997 0.14999999999999997 1.0726497518449206e-20 0 0 0 1095.2061162415996 0.00020957252596085784 0
0.15499999999999997 0.16499999999999995 0.15999999999999998 1.6468208525819851e-20 0 0 0 1079.5631115304627 0.00020957252596085789 0
0.16499999999999995 0.17499999999999996 0.16999999999999996 2.4961632856174142e-20 0 0 0 1064.2781971120739 0.00020957252596085789 0
0.17499999999999996 0.18499999999999997 0.17999999999999997 3.6365589555663657e-20 0 0 0 1050.2433813506827 0.00020957252596085787 0
0.18499999999999997 0.19499999999999995 0.18999999999999995 5.1476588242950313e-20 0 0 0 1037.4390894462922 0.00020957252596085784 0
0.19499999999999995 0.20499999999999993 0.19999999999999996 6.7780380635597257e-20 0 0 0 1027.5362213778137 0.00020957252596085784 0
0.20499999999999993 0.21499999999999997 0.20999999999999996 8.956113932159003e-20 0 0 0 1017.5639144607998 0.00020957252596085787 0
0.21499999999999997 0.22499999999999998 0.21999999999999997 1.17298235149025e-19 0 0 0 1008.2393178003656 0.00020957252596085787 0
0.22499999999999998 0.23499999999999996 0.22999999999999998 1.572765589909341e-19 0 0 0 998.51411750159855 0.00020957252596085784 0
0.23499999999999996 0.24499999999999994 0.23999999999999994 2.1304625813161502e-19 0 0 0 989.10066504526071 0.00020957252596085784 0
0.24499999999999994 0.25499999999999995 0.24999999999999994 3.0293841155279212e-19 0 0 0 978.61455731031253 0.00020957252596085787 0
0.25499999999999995 0.26499999999999996 0.25999999999999995 4.8897777164380557e-19 0 0 0 964.98310550784618 0.00020957252596085789 0
0.26499999999999996 0.27499999999999997 0.26999999999999996 8.9147087524829551e-19 0 0 0 948.96016513586085 0.00020957252596085787 0
0.27499999999999997 0.28499999999999992 0.27999999999999992 1.7150350384511278e-18 0 0 0 932.80329097365529 0.00020957252596085787 0
0.28499999999999992 0.29499999999999998 0.28999999999999992 3.5826272284406147e-18 0 0 0 915.55609302381356 0.00020957252596085787 0
0.29499999999999998 0.30499999999999994 0.29999999999999993 7.4399203652134647e-18 0 0 0 898.97465478271022 0.00020957252596085787 0
0.30499999999999994 0.31499999999999995 0.30999999999999994 1.5026998409491628e-17 0 0 0 883.97852607337131 0.00020957252596085789 0
0.31499999999999995 0.3249999999999999 0.31999999999999995 3.27589724178951e-17 0 0 0 867.36611722294708 0.00020957252596085787 0
0.3249999999999999 0.33499999999999991 0.3299999999999999 6.6266539755734937e-17 0 0 0 852.83938291799382 0.00020957252596085787 0
0.33499999999999991 0.34499999999999997 0.33999999999999997 1.3812251674519445e-16 0 0 0 838.12536400579859 0.00020957252596085787 0
0.34499999999999997 0.35499999999999993 0.34999999999999998 3.2822293688984242e-16 0 0 0 821.21055640845384 0.00020957252596085784 0
0.35499999999999993 0.36499999999999994 0.35999999999999993 7.4568542420029988e-16 0 0 0 805.87672823774142 0.00020957252596085789 0
0.36499999999999994 0.37499999999999994 0.36999999999999994 1.7710582958609509e-15 0 0 0 789.90594630887142 0.00020957252596085789 0
0.37499999999999994 0.38499999999999995 0.37999999999999995 4.1238969331714886e-15 0 0 0 773.7208877251461 0.00020957252596085787 0
0.38499999999999995 0.39499999999999991 0.3899999999999999 9.8035471640922714e-15 0 0 0 757.25534567865361 0.00020957252596085787 0
0.39499999999999991 0.40499999999999992 0.39999999999999991 2.2084796101605029e-14 0 0 0 741.22949414832408 0.00020957252596085787 0
0.40499999999999992 0.41499999999999987 0.40999999999999992 4.7658284194357021e-14 0 0 0 725.27589835008484 0.00020957252596085787 0
0.41499999999999987 0.42499999999999993 0.41999999999999993 1.0223782419289931e-13 0 0 0 709.09620491548515 0.00020957252596085784 0
0.42499999999999993 0.43499999999999994 0.42999999999999994 2.0871609672031194e-13 0 0 0 693.04744079270245 0.00020957252596085787 0
0.43499999999999994 0.4449999999999999 0.43999999999999995 4.0573681361526603e-13 0 0 0 677.0827612218477 0.00020957252596085787 0
0.4449999999999999 0.45499999999999996 0.44999999999999996 7.2903380888005423e-13 0 0 0 661.16565008170505 0.00020957252596085787 0
0.45499999999999996 0.46499999999999991 0.45999999999999996 1.1911697950728803e-12 0 0 0 645.48472514025832 0.00020957252596085787 0
0.46499999999999991 0.47499999999999992 0.46999999999999992 1.7829131675479245e-12 0 0 0 629.58094797048295 0.00020957252596085789 0
0.47499999999999992 0.48499999999999988 0.47999999999999987 2.4257184342810474e-12 0 0 0 614.05679501081397 0.00020957252596085787 0
0.48499999999999988 0.49499999999999988 0.48999999999999988 3.130380678930088e-12 0 0 0 596.67938129268146 0.00020957252596085787 0
0.49499999999999988 0.50499999999999989 0.49999999999999989 3.7440804671677408e-12 0 0 0 579.96018063398822 0.00020957252596085787 0
0.50499999999999989 0.5149999999999999 0.5099999999999999 4.31461069371827e-12 0 0 0 561.23725858341004 0.00020957252596085787 0
0.5149999999999999 0.52499999999999991 0.51999999999999991 4.7890528041248101e-12 0 0 0 542.21170108454044 0.00020957252596085787 0
0.52499999999999991 0.53499999999999992 0.52999999999999992 5.1456386486301977e-12 0 0 0 524.50143624940358 0.00020957252596085789 0
0.53499999999999992 0.54499999999999982 0.53999999999999981 5.4821454812023588e-12 0 0 0 504.81445713085526 0.00020957252596085784 0
0.54499999999999982 0.55499999999999994 0.54999999999999982 5.7928066657646706e-12 0 0 0 483.72065400014549 0.00020957252596085787 0
0.55499999999999994 0.56499999999999995 0.55999999999999994 5.8118669240938057e-12 0 0 0 463.06714155496843 0.00020957252596085787 0
0.56499999999999995 0.57499999999999984 0.56999999999999984 2.9270356216000093e-12 1.4736174165595668e-09 0 1.4736174165595668e-09 439.5608318972009 0.00020957252596085789 0
0.57499999999999984 0.58499999999999996 0.57999999999999985 4.3138890968677719e-13 6.4675764180835711e-10 0 6.4675764180835711e-10 411.96497070499737 0.00020957252596085787 0
0.58499999999999996 0.59499999999999997 0.58999999999999997 3.167936299322836e-14 7.089059873622958e-11 0 7.089059873622958e-11 381.3025755151786 0.00020957252596085787 0
0.59499999999999997 0.60499999999999987 0.59999999999999987 1.2276643255397062e-15 3.632710859728255e-12 0 3.632710859728255e-12 351.8183714055973 0.00020957252596085784 0
0.60499999999999987 0.61499999999999988 0.60999999999999988 4.9737544760560168e-17 1.0593274102711833e-13 0 1.0593274102711833e-13 331.10641279851086 0.00020957252596085787 0
0.61499999999999988 0.62499999999999989 0.61999999999999988 4.9637799386534184e-18 4.1270242740317874e-15 0 4.1270242740317874e-15 319.35235744168398 0.00020957252596085787 0
0.62499999999999989 0.6349999999999999 0.62999999999999989 1.1294897353392655e-18 6.9833183264090162e-16 0 6.9833183264090162e-16 310.6276509015708 0.00020957252596085787 0
0.6349999999999999 0.64499999999999991 0.6399999999999999 4.8667236598835008e-19 1.4023582974634592e-16 0 1.4023582974634592e-16 305.93443489284596 0.00020957252596085789 0
0.64499999999999991 0.6549999999999998 0.64999999999999991 2.9671944895800033e-19 4.0308825512847027e-17 0 4.0308825512847027e-17 303.20784855419913 0.00020957252596085789 0
0.6549999999999998 0.66499999999999992 0.65999999999999992 1.9117785804850111e-19 3.2362605459880562e-17 0 3.2362605459880562e-17 300.83280588171789 0.00020957252596085787 0
0.66499999999999992 0.67499999999999982 0.66999999999999993 1.4808660812695497e-19 2.3145340982634056e-17 0 2.3145340982634056e-17 299.56199673789473 0.00020957252596085784 0
0.67499999999999982 0.68499999999999983 0.67999999999999983 1.2914140730451495e-19 1.038937791943902e-17 0 1.038937791943902e-17 298.69135125514839 0.00020957252596085787 0
0.68499999999999983 0.69499999999999995 0.68999999999999995 1.0721859724574667e-19 1.2291693033178569e-17 0 1.2291693033178569e-17 297.57948343797477 0.00020957252596085787 0
0.69499999999999995 0.70499999999999985 0.69999999999999996 9.3705803007840042e-20 5.0607547551095979e-18 0 5.0607547551095979e-18 296.8347522801696 0.00020957252596085784 0
0.70499999999999985 0.71499999999999986 0.70999999999999985 8.3765199145715932e-20 4.1399204344953561e-18 0 4.1399204344953561e-18 296.20986696230597 0.00020957252596085787 0
0.71499999999999986 0.72499999999999987 0.71999999999999986 8.173737160927265e-20 3.5231706529794114e-19 0 3.5231706529794114e-19 296.15016703537816 0.00020957252596085789 0
0.72499999999999987 0.73499999999999988 0.72999999999999987 7.5643157083811282e-20 3.6801329801369063e-18 0 3.6801329801369063e-18 295.92206614847794 0.00020957252596085787 0
0.73499999999999988 0.74499999999999988 0.73999999999999988 7.5245706590830966e-20 0 0 0 296.20986696230591 0.00020957252596085789 0
0.74499999999999988 0.75499999999999989 0.74999999999999989 7.5245019396351451e-20 0 0 0 296.20986696230597 0.00020957252596085787 0
0.75499999999999989 0.7649999999999999 0.7599999999999999 7.5245008654498372e-20 0 0 0 296.20986696230597 0.00020957252596085787 0
0.7649999999999999 0.77499999999999991 0.76999999999999991 7.5245000228497978e-20 0 0 0 296.20986696230597 0.00020957252596085787 0
0.77499999999999991 0.78499999999999981 0.7799999999999998 7.5244991865926341e-20 0 0 0 296.20986696230591 0.00020957252596085789 0
0.78499999999999981 0.79499999999999982 0.78999999999999981 7.5244983503261839e-20 0 0 0 296.20986696230591 0.00020957252596085789 0
0.79499999999999982 0.80499999999999994 0.79999999999999982 7.5244975140647591e-20 0 0 0 296.20986696230602 0.00020957252596085787 0
0.80499999999999994 0.81499999999999984 0.80999999999999983 7.5244966777986941e-20 0 0 0 296.20986696230597 0.00020957252596085784 0
0.81499999999999984 0.82499999999999984 0.81999999999999984 7.5244958415339025e-20 0 0 0 296.20986696230597 0.00020957252596085787 0
0.82499999999999984 0.83499999999999974 0.82999999999999985 7.5244950052670803e-20 0 0 0 296.20986696230597 0.00020957252596085789 0
0.83499999999999974 0.84499999999999986 0.83999999999999986 7.5244941689990195e-20 0 0 0 296.20986696230597 0.00020957252596085787 0
0.84499999999999986 0.85499999999999987 0.84999999999999987 7.5244933327321384e-20 0 0 0 296.20986696230591 0.00020957252596085789 0
0.85499999999999987 0.86499999999999977 0.85999999999999988 7.5244924964624526e-20 0 0 0 296.20986696230597 0.00020957252596085784 0
0.86499999999999977 0.87499999999999989 0.86999999999999988 7.5244916601913163e-20 0 0 0 296.20986696230602 0.00020957252596085787 0
0.87499999999999989 0.8849999999999999 0.87999999999999989 7.5244908239168457e-20 0 0 0 296.20986696230591 0.00020957252596085789 0
0.8849999999999999 0.8949999999999998 0.8899999999999999 7.5244899876379985e-20 0 0 0 296.20986696230591 0.00020957252596085789 0
0.8949999999999998 0.9049999999999998 0.8999999999999998 7.5244891499387864e-20 0 0 0 296.20986696230597 0.00020957252596085787 0
0.9049999999999998 0.91499999999999992 0.90999999999999992 7.5244883086919536e-20 0 0 0 296.20986696230597 0.00020957252596085787 0
0.91499999999999992 0.92499999999999982 0.91999999999999993 7.5244874724062284e-20 0 0 0 296.20986696230602 0.00020957252596085784 0
0.92499999999999982 0.93499999999999983 0.92999999999999983 7.5244866361207848e-20 0 0 0 296.20986696230591 0.00020957252596085789 0
0.93499999999999983 0.94499999999999984 0.93999999999999984 7.5244857998358541e-20 0 0 0 296.20986696230597 0.00020957252596085787 0
0.94499999999999984 0.95499999999999985 0.94999999999999984 7.5244849635485039e-20 0 0 0 296.20986696230597 0.00020957252596085787 0
0.95499999999999985 0.96499999999999986 0.95999999999999985 7.5244841272581866e-20 0 0 0 296.20986696230591 0.00020957252596085789 0
0.96499999999999986 0.97499999999999976 0.96999999999999975 7.5244832909660071e-20 0 0 0 296.20986696230597 0.00020957252596085784 0
0.97499999999999976 0.98499999999999988 0.97999999999999976 7.5244824546766214e-20 0 0 0 296.20986696230597 0.00020957252596085787 0
0.98499999999999988 0.99499999999999977 0.98999999999999977 7.5244816183923587e-20 0 0 0 296.20986696230597 0.00020957252596085784 0
0.99499999999999977 1.0049999999999999 0.99999999999999978 7.5244807821092336e-20 0 0 0 296.20986696230602 0.00020957252596085787 0
1.0049999999999999 1.0149999999999999 1.0099999999999998 7.5244799458247012e-20 0 0 0 296.20986696230597 0.00020957252596085787 0
1.0149999999999999 1.0249999999999999 1.02 7.5244791095398728e-20 0 0 0 296.20986696230597 0.00020957252596085787 0
1.0249999999999999 1.0349999999999999 1.0299999999999998 7.5244782732528356e-20 0 0 0 296.20986696230591 0.00020957252596085789 0
1.0349999999999999 1.0449999999999999 1.04 7.5244774348399533e-20 0 0 0 296.20986696230597 0.00020957252596085787 0
1.0449999999999999 1.0549999999999999 1.0499999999999998 7.5244765943017242e-20 0 0 0 296.20986696230597 0.00020957252596085787 0
1.0549999999999999 1.0649999999999997 1.0599999999999998 7.5244757580214482e-20 0 0 0 296.20986696230602 0.00020957252596085784 0
1.0649999999999997 1.075 1.0699999999999998 7.5244749217392186e-20 0 0 0 296.20986696230591 0.00020957252596085789 0
1.075 1.085 1.0800000000000001 7.5244740854553098e-20 0 0 0 296.20986696230597 0.00020957252596085787 0
1.085 1.0949999999999998 1.0899999999999999 7.5244732491664236e-20 0 0 0 296.20986696230597 0.00020957252596085784 0
1.0949999999999998 1.105 1.0999999999999999 7.5244724128769441e-20 0 0 0 296.20986696230597 0.00020957252596085787 0
1.105 1.115 1.1099999999999999 7.5244715765850547e-20 0 0 0 296.20986696230597 0.00020957252596085787 0
1.115 1.1249999999999998 1.1199999999999999 7.5244707402921001e-20 0 0 0 296.20986696230591 0.00020957252596085789 0
1.1249999999999998 1.135 1.1299999999999999 7.5244699039980765e-20 0 0 0 296.20986696230591 0.00020957252596085787 0
1.135 1.145 1.1400000000000001 7.5244690677026483e-20 0 0 0 296.20986696230591 0.00020957252596085789 0
1.145 1.1549999999999998 1.1499999999999999 7.5244682314051773e-20 0 0 0 296.20986696230597 0.00020957252596085789 0
1.1549999999999998 1.165 1.1599999999999999 7.5244673951078592e-20 0 0 0 296.20986696230597 0.00020957252596085787 0
1.165 1.175 1.1699999999999999 7.524466558807639e-20 0 0 0 296.20986696230597 0.00020957252596085787 0
1.175 1.1849999999999998 1.1799999999999999 7.5244657196705312e-20 0 0 0 296.20986696230591 0.00020957252596085789 0
1.1849999999999998 1.1950000000000001 1.1899999999999999 7.5244648798210183e-20 0 0 0 296.20986696230597 0.00020957252596085787 0
1.1950000000000001 1.2049999999999998 1.2 7.5244640435169871e-20 0 0 0 296.20986696230597 0.00020957252596085789 0
1.2049999999999998 1.2149999999999999 1.21 7.524463207214321e-20 0 0 0 296.20986696230597 0.00020957252596085787 0
1.2149999999999999 1.2249999999999999 1.2199999999999998 7.5244623709157161e-20 0 0 0 296.20986696230597 0.00020957252596085787 0
1.2249999999999999 1.2349999999999999 1.23 7.5244615346179996e-20 0 0 0 296.20986696230597 0.00020957252596085787 0
1.2349999999999999 1.2449999999999999 1.2399999999999998 7.5244606983189446e-20 0 0 0 296.20986696230597 0.00020957252596085787 0
1.2449999999999999 1.2549999999999999 1.25 3.7622300466296534e-20 0 0 0 296.20986696230591 0.00010478626298043125 0
