# axial profiles of the pair element_I -> I, bin set native (rhoFixedFlowFoam, axialProfiles.H)
# time 60.000000000027363 directory 60 reason write time
# molarMass 1
# axis (1 0 0) origin (0 0 0)
# nBins 126
# inventory gas 7.4282428711926766e-12 wall 1.0077926397135125e-10 sample 0
# binned gas 7.428242871192675e-12 wall 1.0077926397135125e-10 sample 0
# outside gas 0 wall 0 sample 0
# observable wall
# fraction 0.001
# significance 1e-13 minimumAmount 1.0820750684254392e-23
# Tdep fromInlet status found T 579.90243621864079 x 0.50003084156158484 peak 4.4220623255704902e-09 xPeak 0.56999999999999984 threshold 4.4220623255704904e-12 searchFrom 0.02
# Tdep fromPeak status found T 579.90243621864079 x 0.50003084156158484 peak 4.4220623255704902e-09 xPeak 0.56999999999999984 threshold 4.4220623255704904e-12
# Tpeak 439.5608318972009 K at x 0.56999999999999984 m; bin maximum of observable
# columns x_lo x_hi x gas wall sample observable Twall wallArea sampleGas
# units m m m mol/m mol/m mol/m mol/m K m2/m mol/m
-0.0050000000000000001 0.0049999999999999984 -8.6736173798840355e-19 1.7750739406502135e-33 0 0 0 1154.302993348115 0.00010478626298042893 0
0.0049999999999999984 0.014999999999999996 0.0099999999999999967 4.8261050475835449e-31 0 0 0 1154.302993348115 0.00020957252596085787 0
0.014999999999999996 0.024999999999999994 0.019999999999999997 1.1130207191397477e-28 0 0 0 1135.8602061407389 0.00020957252596085787 0
0.024999999999999994 0.034999999999999996 0.029999999999999995 2.4065715310208496e-26 0 0 0 1106.4823657028076 0.00020957252596085787 0
0.034999999999999996 0.044999999999999991 0.039999999999999994 4.8642419264407343e-24 0 0 0 1084.1152452756746 0.00020957252596085784 0
0.044999999999999991 0.054999999999999993 0.049999999999999989 9.467481605996967e-22 0 0 0 1077.7836983536272 0.00020957252596085787 0
0.054999999999999993 0.064999999999999988 0.059999999999999991 1.8367083225011737e-19 0 0 0 1087.4389536837232 0.00020957252596085784 0
0.064999999999999988 0.074999999999999983 0.069999999999999979 4.1960294184895983e-17 0 0 0 1100.3353295937864 0.00020957252596085789 0
0.074999999999999983 0.084999999999999978 0.079999999999999988 1.0447921371430745e-14 0 0 0 1113.1517324120111 0.00020957252596085784 0
0.084999999999999978 0.094999999999999973 0.089999999999999969 1.7221815935553877e-12 0 0 0 1123.4653608381195 0.00020957252596085789 7.6199074601127308e-13
0.094999999999999973 0.10499999999999998 0.099999999999999978 9.3298814553586306e-12 0 0 0 1129.0473979174603 0.00020957252596085789 4.2177646710692352e-12
0.10499999999999998 0.11499999999999998 0.10999999999999999 1.1502778069165718e-11 0 0 0 1128.6787628077759 0.00020957252596085784 0
0.11499999999999998 0.12499999999999997 0.11999999999999997 1.1529828323737511e-11 0 0 0 1125.9752196799477 0.00020957252596085789 0
0.12499999999999997 0.13499999999999998 0.12999999999999998 1.1603237489017152e-11 0 0 0 1118.7566768471122 0.00020957252596085787 0
0.13499999999999998 0.14499999999999999 0.13999999999999999 1.1709821425893777e-11 0 0 0 1108.5308034373845 0.00020957252596085787 0
0.14499999999999999 0.15499999999999997 0.14999999999999997 1.18526641265131e-11 0 0 0 1095.2061162415996 0.00020957252596085784 0
0.15499999999999997 0.16499999999999995 0.15999999999999998 1.2024091874924669e-11 0 0 0 1079.5631115304627 0.00020957252596085789 0
0.16499999999999995 0.17499999999999996 0.16999999999999996 1.2196532999094938e-11 0 0 0 1064.2781971120739 0.00020957252596085789 0
0.17499999999999996 0.18499999999999997 0.17999999999999997 1.235936042246105e-11 0 0 0 1050.2433813506827 0.00020957252596085787 0
0.18499999999999997 0.19499999999999995 0.18999999999999995 1.2511305596426846e-11 0 0 0 1037.4390894462922 0.00020957252596085784 0
0.19499999999999995 0.20499999999999993 0.19999999999999996 1.2633039226173218e-11 0 0 0 1027.5362213778137 0.00020957252596085784 0
0.20499999999999993 0.21499999999999997 0.20999999999999996 1.2756978594704831e-11 0 0 0 1017.5639144607998 0.00020957252596085787 0
0.21499999999999997 0.22499999999999998 0.21999999999999997 1.2874884564214489e-11 0 0 0 1008.2393178003656 0.00020957252596085787 0
0.22499999999999998 0.23499999999999996 0.22999999999999998 1.2999461360465314e-11 0 0 0 998.51411750159855 0.00020957252596085784 0
0.23499999999999996 0.24499999999999994 0.23999999999999994 1.312366266815912e-11 0 0 0 989.10066504526071 0.00020957252596085784 0
0.24499999999999994 0.25499999999999995 0.24999999999999994 1.3265110063149079e-11 0 0 0 978.61455731031253 0.00020957252596085787 0
0.25499999999999995 0.26499999999999996 0.25999999999999995 1.3451885067069491e-11 0 0 0 964.98310550784618 0.00020957252596085789 0
0.26499999999999996 0.27499999999999997 0.26999999999999996 1.3677709263799485e-11 0 0 0 948.96016513586085 0.00020957252596085787 0
0.27499999999999997 0.28499999999999992 0.27999999999999992 1.3914691412176351e-11 0 0 0 932.80329097365529 0.00020957252596085787 0
0.28499999999999992 0.29499999999999998 0.28999999999999992 1.4176492737083468e-11 0 0 0 915.55609302381356 0.00020957252596085787 0
0.29499999999999998 0.30499999999999994 0.29999999999999993 1.4437917501704589e-11 0 0 0 898.97465478271022 0.00020957252596085787 0
0.30499999999999994 0.31499999999999995 0.30999999999999994 1.4683808801505436e-11 0 0 0 883.97852607337131 0.00020957252596085789 0
0.31499999999999995 0.3249999999999999 0.31999999999999995 1.4964385116424738e-11 0 0 0 867.36611722294708 0.00020957252596085787 0
0.3249999999999999 0.33499999999999991 0.3299999999999999 1.5220131415157007e-11 0 0 0 852.83938291799382 0.00020957252596085787 0
0.33499999999999991 0.34499999999999997 0.33999999999999997 1.5487527290328353e-11 0 0 0 838.12536400579859 0.00020957252596085787 0
0.34499999999999997 0.35499999999999993 0.34999999999999998 1.5803372207672761e-11 0 0 0 821.21055640845384 0.00020957252596085784 0
0.35499999999999993 0.36499999999999994 0.35999999999999993 1.6104960368496573e-11 0 0 0 805.87672823774142 0.00020957252596085789 0
0.36499999999999994 0.37499999999999994 0.36999999999999994 1.6431375522738966e-11 0 0 0 789.90594630887142 0.00020957252596085789 0
0.37499999999999994 0.38499999999999995 0.37999999999999995 1.6775089137574448e-11 0 0 0 773.7208877251461 0.00020957252596085787 0
0.38499999999999995 0.39499999999999991 0.3899999999999999 1.7139697375715035e-11 0 0 0 757.25534567865361 0.00020957252596085787 0
0.39499999999999991 0.40499999999999992 0.39999999999999991 1.7511087133752142e-11 0 0 0 741.22949414832408 0.00020957252596085787 0
0.40499999999999992 0.41499999999999987 0.40999999999999992 1.7895701625164005e-11 0 0 0 725.27589835008484 0.00020957252596085787 0
0.41499999999999987 0.42499999999999993 0.41999999999999993 1.8302980213339479e-11 0 0 0 709.09620491548515 0.00020957252596085784 0
0.42499999999999993 0.43499999999999994 0.42999999999999994 1.8726467135055199e-11 0 0 0 693.04744079270245 0.00020957252596085787 0
0.43499999999999994 0.4449999999999999 0.43999999999999995 1.9167286686834607e-11 0 0 0 677.0827612218477 0.00020957252596085787 0
0.4449999999999999 0.45499999999999996 0.44999999999999996 1.9629461626218175e-11 0 0 0 661.16565008170505 0.00020957252596085787 0
0.45499999999999996 0.46499999999999991 0.45999999999999996 2.0106209771696263e-11 0 0 0 645.48472514025832 0.00020957252596085787 0
0.46499999999999991 0.47499999999999992 0.46999999999999992 2.0614012529491554e-11 0 0 0 629.58094797048295 0.00020957252596085789 0
0.47499999999999992 0.48499999999999988 0.47999999999999987 2.1137154008674933e-11 0 0 0 614.05679501081397 0.00020957252596085787 0
0.48499999999999988 0.49499999999999988 0.48999999999999988 2.1747099594744801e-11 0 0 0 596.67938129268146 0.00020957252596085787 0
0.49499999999999988 0.50499999999999989 0.49999999999999989 2.2261003888947888e-11 0 0 0 579.96018063398822 0.00020957252596085787 0
0.50499999999999989 0.5149999999999999 0.5099999999999999 2.057737139171101e-11 1.4337997488828761e-09 0 1.4337997488828761e-09 561.23725858341004 0.00020957252596085787 0
0.5149999999999999 0.52499999999999991 0.51999999999999991 1.7606676754291598e-11 1.4083116106462979e-09 0 1.4083116106462979e-09 542.21170108454044 0.00020957252596085787 0
0.52499999999999991 0.53499999999999992 0.52999999999999992 1.6872135905416409e-11 4.6895865502606023e-10 0 4.6895865502606023e-10 524.50143624940358 0.00020957252596085789 0
0.53499999999999992 0.54499999999999982 0.53999999999999981 1.7038349046612584e-11 1.3793190347372192e-10 0 1.3793190347372192e-10 504.81445713085526 0.00020957252596085784 0
0.54499999999999982 0.55499999999999994 0.54999999999999982 1.7619735024035751e-11 3.575171340998681e-11 0 3.575171340998681e-11 483.72065400014549 0.00020957252596085787 0
0.55499999999999994 0.56499999999999995 0.55999999999999994 1.7533907902110209e-11 6.7883029573028385e-12 0 6.7883029573028385e-12 463.06714155496843 0.00020957252596085787 0
0.56499999999999995 0.57499999999999984 0.56999999999999984 8.8071710652623823e-12 4.4220623255704902e-09 0 4.4220623255704902e-09 439.5608318972009 0.00020957252596085789 0
0.57499999999999984 0.58499999999999996 0.57999999999999985 1.2969266332322879e-12 1.9404105001858531e-09 0 1.9404105001858531e-09 411.96497070499737 0.00020957252596085787 0
0.58499999999999996 0.59499999999999997 0.58999999999999997 9.5188323185014756e-14 2.1268015882540583e-10 0 2.1268015882540583e-10 381.3025755151786 0.00020957252596085787 0
0.59499999999999997 0.60499999999999987 0.59999999999999987 3.687426398740458e-15 1.0898383654477836e-11 0 1.0898383654477836e-11 351.8183714055973 0.00020957252596085784 0
0.60499999999999987 0.61499999999999988 0.60999999999999988 1.5158318451241758e-16 3.1780244965432713e-13 0 3.1780244965432713e-13 331.10641279851086 0.00020957252596085787 0
0.61499999999999988 0.62499999999999989 0.61999999999999988 1.7350015080777241e-17 1.2381150266087226e-14 0 1.2381150266087226e-14 319.35235744168398 0.00020957252596085787 0
0.62499999999999989 0.6349999999999999 0.62999999999999989 5.9155616891720797e-18 2.0950011478322178e-15 0 2.0950011478322178e-15 310.6276509015708 0.00020957252596085787 0
0.6349999999999999 0.64499999999999991 0.6399999999999999 4.0235976351427272e-18 4.2070830657594569e-16 0 4.2070830657594569e-16 305.93443489284596 0.00020957252596085789 0
0.64499999999999991 0.6549999999999998 0.64999999999999991 3.4355181832421689e-18 1.2092666487672008e-16 0 1.2092666487672008e-16 303.20784855419913 0.00020957252596085789 0
0.6549999999999998 0.66499999999999992 0.65999999999999992 2.9975960052987712e-18 9.7087912141230495e-17 0 9.7087912141230495e-17 300.83280588171789 0.00020957252596085787 0
0.66499999999999992 0.67499999999999982 0.66999999999999993 2.7430704537982566e-18 6.9436069387221236e-17 0 6.9436069387221236e-17 299.56199673789473 0.00020957252596085784 0
0.67499999999999982 0.68499999999999983 0.67999999999999983 2.6236911571293864e-18 3.1168152391808944e-17 0 3.1168152391808944e-17 298.69135125514839 0.00020957252596085787 0
0.68499999999999983 0.69499999999999995 0.68999999999999995 2.488503508736214e-18 3.6875100763320173e-17 0 3.6875100763320173e-17 297.57948343797477 0.00020957252596085787 0
0.69499999999999995 0.70499999999999985 0.69999999999999996 2.4033962645937697e-18 1.5182272547461297e-17 0 1.5182272547461297e-17 296.8347522801696 0.00020957252596085784 0
0.70499999999999985 0.71499999999999986 0.70999999999999985 2.3419085680647304e-18 1.2419767931499862e-17 0 1.2419767931499862e-17 296.20986696230597 0.00020957252596085787 0
0.71499999999999986 0.72499999999999987 0.71999999999999986 2.3291191621739881e-18 1.0569517225902362e-18 0 1.0569517225902362e-18 296.15016703537816 0.00020957252596085789 0
0.72499999999999987 0.73499999999999988 0.72999999999999987 2.2911719196478061e-18 1.1040404937937779e-17 0 1.1040404937937779e-17 295.92206614847794 0.00020957252596085787 0
0.73499999999999988 0.74499999999999988 0.73999999999999988 2.2868250934956252e-18 0 0 0 296.20986696230591 0.00020957252596085789 0
0.74499999999999988 0.75499999999999989 0.74999999999999989 2.2868020467325717e-18 0 0 0 296.20986696230597 0.00020957252596085787 0
0.75499999999999989 0.7649999999999999 0.7599999999999999 2.2868016635979748e-18 0 0 0 296.20986696230597 0.00020957252596085787 0
0.7649999999999999 0.77499999999999991 0.76999999999999991 2.2868013742990046e-18 0 0 0 296.20986696230597 0.00020957252596085787 0
0.77499999999999991 0.78499999999999981 0.7799999999999998 2.2868011029696846e-18 0 0 0 296.20986696230591 0.00020957252596085789 0
0.78499999999999981 0.79499999999999982 0.78999999999999981 2.2868008419569314e-18 0 0 0 296.20986696230591 0.00020957252596085789 0
0.79499999999999982 0.80499999999999994 0.79999999999999982 2.2868005875583911e-18 0 0 0 296.20986696230602 0.00020957252596085787 0
0.80499999999999994 0.81499999999999984 0.80999999999999983 2.2868003375107267e-18 0 0 0 296.20986696230597 0.00020957252596085784 0
0.81499999999999984 0.82499999999999984 0.81999999999999984 2.2868000906119948e-18 0 0 0 296.20986696230597 0.00020957252596085787 0
0.82499999999999984 0.83499999999999974 0.82999999999999985 2.2867998463352941e-18 0 0 0 296.20986696230597 0.00020957252596085789 0
0.83499999999999974 0.84499999999999986 0.83999999999999986 2.2867996045452755e-18 0 0 0 296.20986696230597 0.00020957252596085787 0
0.84499999999999986 0.85499999999999987 0.84999999999999987 2.2867993653016976e-18 0 0 0 296.20986696230591 0.00020957252596085789 0
0.85499999999999987 0.86499999999999977 0.85999999999999988 2.2867991287179044e-18 0 0 0 296.20986696230597 0.00020957252596085784 0
0.86499999999999977 0.87499999999999989 0.86999999999999988 2.2867988948442887e-18 0 0 0 296.20986696230602 0.00020957252596085787 0
0.87499999999999989 0.8849999999999999 0.87999999999999989 2.2867986635472218e-18 0 0 0 296.20986696230591 0.00020957252596085789 0
0.8849999999999999 0.8949999999999998 0.8899999999999999 2.2867984343964759e-18 0 0 0 296.20986696230591 0.00020957252596085789 0
0.8949999999999998 0.9049999999999998 0.8999999999999998 2.2867982061910531e-18 0 0 0 296.20986696230597 0.00020957252596085787 0
0.9049999999999998 0.91499999999999992 0.90999999999999992 2.2867979771050562e-18 0 0 0 296.20986696230597 0.00020957252596085787 0
0.91499999999999992 0.92499999999999982 0.91999999999999993 2.2867977478261119e-18 0 0 0 296.20986696230602 0.00020957252596085784 0
0.92499999999999982 0.93499999999999983 0.92999999999999983 2.2867975151652027e-18 0 0 0 296.20986696230591 0.00020957252596085789 0
0.93499999999999983 0.94499999999999984 0.93999999999999984 2.2867972772722687e-18 0 0 0 296.20986696230597 0.00020957252596085787 0
0.94499999999999984 0.95499999999999985 0.94999999999999984 2.2867970325374008e-18 0 0 0 296.20986696230597 0.00020957252596085787 0
0.95499999999999985 0.96499999999999986 0.95999999999999985 2.2867967798334511e-18 0 0 0 296.20986696230591 0.00020957252596085789 0
0.96499999999999986 0.97499999999999976 0.96999999999999975 2.2867965186976769e-18 0 0 0 296.20986696230597 0.00020957252596085784 0
0.97499999999999976 0.98499999999999988 0.97999999999999976 2.2867962494165352e-18 0 0 0 296.20986696230597 0.00020957252596085787 0
0.98499999999999988 0.99499999999999977 0.98999999999999977 2.2867959729953584e-18 0 0 0 296.20986696230597 0.00020957252596085784 0
0.99499999999999977 1.0049999999999999 0.99999999999999978 2.2867956910251738e-18 0 0 0 296.20986696230602 0.00020957252596085787 0
1.0049999999999999 1.0149999999999999 1.0099999999999998 2.2867954054790999e-18 0 0 0 296.20986696230597 0.00020957252596085787 0
1.0149999999999999 1.0249999999999999 1.02 2.2867951184756946e-18 0 0 0 296.20986696230597 0.00020957252596085787 0
1.0249999999999999 1.0349999999999999 1.0299999999999998 2.2867948320524987e-18 0 0 0 296.20986696230591 0.00020957252596085789 0
1.0349999999999999 1.0449999999999999 1.04 2.2867945472784031e-18 0 0 0 296.20986696230597 0.00020957252596085787 0
1.0449999999999999 1.0549999999999999 1.0499999999999998 2.2867942656178614e-18 0 0 0 296.20986696230597 0.00020957252596085787 0
1.0549999999999999 1.0649999999999997 1.0599999999999998 2.2867939902149696e-18 0 0 0 296.20986696230602 0.00020957252596085784 0
1.0649999999999997 1.075 1.0699999999999998 2.2867937202612054e-18 0 0 0 296.20986696230591 0.00020957252596085789 0
1.075 1.085 1.0800000000000001 2.286793456103966e-18 0 0 0 296.20986696230597 0.00020957252596085787 0
1.085 1.0949999999999998 1.0899999999999999 2.2867931978954532e-18 0 0 0 296.20986696230597 0.00020957252596085784 0
1.0949999999999998 1.105 1.0999999999999999 2.2867929456941058e-18 0 0 0 296.20986696230597 0.00020957252596085787 0
1.105 1.115 1.1099999999999999 2.2867926995436901e-18 0 0 0 296.20986696230597 0.00020957252596085787 0
1.115 1.1249999999999998 1.1199999999999999 2.2867924595334249e-18 0 0 0 296.20986696230591 0.00020957252596085789 0
1.1249999999999998 1.135 1.1299999999999999 2.2867922258243922e-18 0 0 0 296.20986696230591 0.00020957252596085787 0
1.135 1.145 1.1400000000000001 2.2867919986489587e-18 0 0 0 296.20986696230591 0.00020957252596085789 0
1.145 1.1549999999999998 1.1499999999999999 2.2867917782846403e-18 0 0 0 296.20986696230597 0.00020957252596085789 0
1.1549999999999998 1.165 1.1599999999999999 2.2867915650080065e-18 0 0 0 296.20986696230597 0.00020957252596085787 0
1.165 1.175 1.1699999999999999 2.2867913590333442e-18 0 0 0 296.20986696230597 0.00020957252596085787 0
1.175 1.1849999999999998 1.1799999999999999 2.2867911598002043e-18 0 0 0 296.20986696230591 0.00020957252596085789 0
1.1849999999999998 1.1950000000000001 1.1899999999999999 2.2867909677618192e-18 0 0 0 296.20986696230597 0.00020957252596085787 0
1.1950000000000001 1.2049999999999998 1.2 2.2867907834727051e-18 0 0 0 296.20986696230597 0.00020957252596085789 0
1.2049999999999998 1.2149999999999999 1.21 2.2867906054183336e-18 0 0 0 296.20986696230597 0.00020957252596085787 0
1.2149999999999999 1.2249999999999999 1.2199999999999998 2.2867904325838674e-18 0 0 0 296.20986696230597 0.00020957252596085787 0
1.2249999999999999 1.2349999999999999 1.23 2.2867902634487324e-18 0 0 0 296.20986696230597 0.00020957252596085787 0
1.2349999999999999 1.2449999999999999 1.2399999999999998 2.2867900937676429e-18 0 0 0 296.20986696230597 0.00020957252596085787 0
1.2449999999999999 1.2549999999999999 1.25 1.1433949799764878e-18 0 0 0 296.20986696230591 0.00010478626298043125 0
