# axial profiles of the pair PbI2_g -> PbI2_s, bin set native (rhoFixedFlowFoam, axialProfiles.H)
# time 60.000000000027363 directory 60 reason write time
# molarMass 0.46100893999999998
# axis (1 0 0) origin (0 0 0)
# nBins 126
# inventory gas 4.2550003636900327e-11 wall 2.3995578053554258e-09 sample 0
# binned gas 4.2550003636900327e-11 wall 2.3995578053554258e-09 sample 0
# outside gas 0 wall 0 sample 0
# observable wall
# fraction 0.001
# significance 1e-13 minimumAmount 2.4421078089923266e-22
# Tdep fromInlet status found T 667.87207915519014 x 0.34276214742636019 peak 7.9285589225179068e-08 xPeak 0.36999999999999994 threshold 7.9285589225179072e-11 searchFrom 0.02
# Tdep fromPeak status found T 667.87207915519014 x 0.34276214742636019 peak 7.9285589225179068e-08 xPeak 0.36999999999999994 threshold 7.9285589225179072e-11
# Tpeak 623.87813859893333 K at x 0.36999999999999994 m; bin maximum of observable
# columns x_lo x_hi x gas wall sample observable Twall wallArea sampleGas
# units m m m mol/m mol/m mol/m mol/m K m2/m mol/m
-0.0050000000000000001 0.0049999999999999984 -8.6736173798840355e-19 2.5379929730347252e-95 0 0 0 1124.6398688915374 0.00010478626298042893 0
0.0049999999999999984 0.014999999999999996 0.0099999999999999967 7.8351120144450265e-86 0 0 0 1124.6398688915374 0.00020957252596085787 0
0.014999999999999996 0.024999999999999994 0.019999999999999997 2.6804564447502955e-76 0 0 0 1123.2544391464862 0.00020957252596085787 0
0.024999999999999994 0.034999999999999996 0.029999999999999995 1.1412599283676181e-66 0 0 0 1113.8452806712346 0.00020957252596085787 0
0.034999999999999996 0.044999999999999991 0.039999999999999994 5.0308689167690914e-57 0 0 0 1102.0795144579361 0.00020957252596085784 0
0.044999999999999991 0.054999999999999993 0.049999999999999989 1.9548043159267234e-47 0 0 0 1089.8486244352205 0.00020957252596085787 0
0.054999999999999993 0.064999999999999988 0.059999999999999991 7.8450210233134709e-38 0 0 0 1074.1906724507721 0.00020957252596085784 0
0.064999999999999988 0.074999999999999983 0.069999999999999979 1.5404652629770719e-26 0 0 0 1059.5504667350558 0.00020957252596085789 0
0.074999999999999983 0.084999999999999978 0.079999999999999988 8.7978343355268823e-17 0 0 0 1046.3060721296572 0.00020957252596085784 0
0.084999999999999978 0.094999999999999973 0.089999999999999969 1.096227485048107e-11 0 0 0 1035.0060569162681 0.00020957252596085789 5.5625267464297353e-12
0.094999999999999973 0.10499999999999998 0.099999999999999978 8.3675461606184357e-11 0 0 0 1024.9280498157236 0.00020957252596085789 3.7877662672151964e-11
0.10499999999999998 0.11499999999999998 0.10999999999999999 1.1006657291873856e-10 0 0 0 1015.5970488813163 0.00020957252596085784 0
0.11499999999999998 0.12499999999999997 0.11999999999999997 1.1285242014999344e-10 0 0 0 1007.3373110343156 0.00020957252596085789 0
0.12499999999999997 0.13499999999999998 0.12999999999999998 1.1560611909849445e-10 0 0 0 999.03002119211033 0.00020957252596085787 0
0.13499999999999998 0.14499999999999999 0.13999999999999999 1.1867878654862672e-10 0 0 0 989.43876210669373 0.00020957252596085787 0
0.14499999999999999 0.15499999999999997 0.14999999999999997 1.2228136549761877e-10 0 0 0 977.60522328052082 0.00020957252596085784 0
0.15499999999999997 0.16499999999999995 0.15999999999999998 1.2673550329997722e-10 0 0 0 961.96823749868088 0.00020957252596085789 0
0.16499999999999995 0.17499999999999996 0.16999999999999996 1.3108066264008834e-10 0 0 0 945.81303676018683 0.00020957252596085789 0
0.17499999999999996 0.18499999999999997 0.17999999999999997 1.3561787400991391e-10 0 0 0 927.88530683086788 0.00020957252596085787 0
0.18499999999999997 0.19499999999999995 0.18999999999999995 1.3965470814406315e-10 0 0 0 911.12737020745908 0.00020957252596085784 0
0.19499999999999995 0.20499999999999993 0.19999999999999996 1.4315961561711555e-10 0 0 0 895.99376448214218 0.00020957252596085784 0
0.20499999999999993 0.21499999999999997 0.20999999999999996 1.460600851690857e-10 0 0 0 883.18557399041993 0.00020957252596085787 0
0.21499999999999997 0.22499999999999998 0.21999999999999997 1.4943966723505748e-10 0 0 0 867.7492476744078 0.00020957252596085787 0
0.22499999999999998 0.23499999999999996 0.22999999999999998 1.5276854532410801e-10 0 0 0 852.26543528744105 0.00020957252596085784 0
0.23499999999999996 0.24499999999999994 0.23999999999999994 1.5610965799063455e-10 0 0 0 836.71637584154337 0.00020957252596085784 0
0.24499999999999994 0.25499999999999995 0.24999999999999994 1.5971790501680652e-10 0 0 0 819.9770846136895 0.00020957252596085787 0
0.25499999999999995 0.26499999999999996 0.25999999999999995 1.6324814829983761e-10 0 0 0 803.78205101145534 0.00020957252596085789 0
0.26499999999999996 0.27499999999999997 0.26999999999999996 1.6690134067250475e-10 0 0 0 787.35496838943106 0.00020957252596085787 0
0.27499999999999997 0.28499999999999992 0.27999999999999992 1.7020259017794645e-10 0 0 0 772.89677486063545 0.00020957252596085787 0
0.28499999999999992 0.29499999999999998 0.28999999999999992 1.7460542567117122e-10 0 0 0 753.91570057253273 0.00020957252596085787 0
0.29499999999999998 0.30499999999999994 0.29999999999999993 1.7959748158542456e-10 0 0 0 733.33035581515742 0.00020957252596085787 0
0.30499999999999994 0.31499999999999995 0.30999999999999994 1.8306496235395259e-10 0 0 0 719.88793869008452 0.00020957252596085789 0
0.31499999999999995 0.3249999999999999 0.31999999999999995 1.8687745484114838e-10 0 0 0 705.25027951423385 0.00020957252596085787 0
0.3249999999999999 0.33499999999999991 0.3299999999999999 1.9167936914530802e-10 0 0 0 687.54661881238849 0.00020957252596085787 0
0.33499999999999991 0.34499999999999997 0.33999999999999997 1.9611104092657439e-10 0 0 0 672.14468972855252 0.00020957252596085787 0
0.34499999999999997 0.35499999999999993 0.34999999999999998 2.0010722699482113e-10 2.8704329272408298e-10 0 2.8704329272408298e-10 656.67625190156593 0.00020957252596085784 0
0.35499999999999993 0.36499999999999994 0.35999999999999993 1.6537131487435836e-10 7.3248272273799459e-08 0 7.3248272273799459e-08 639.57945571028472 0.00020957252596085789 0
0.36499999999999994 0.37499999999999994 0.36999999999999994 8.9422427765538595e-11 7.9285589225179068e-08 0 7.9285589225179068e-08 623.87813859893333 0.00020957252596085789 0
0.37499999999999994 0.38499999999999995 0.37999999999999995 4.3640009737777274e-11 4.6863339882193715e-08 0 4.6863339882193715e-08 607.83756628105982 0.00020957252596085787 0
0.38499999999999995 0.39499999999999991 0.3899999999999999 1.8531928193844414e-11 2.3723449231786444e-08 0 2.3723449231786444e-08 590.1120930698595 0.00020957252596085787 0
0.39499999999999991 0.40499999999999992 0.39999999999999991 7.189936871383365e-12 1.0529200979122232e-08 0 1.0529200979122232e-08 571.86142030093822 0.00020957252596085787 0
0.40499999999999992 0.41499999999999987 0.40999999999999992 2.7182302487770231e-12 3.8176249990271961e-09 0 3.8176249990271961e-09 555.47219158016526 0.00020957252596085787 0
0.41499999999999987 0.42499999999999993 0.41999999999999993 9.2745222189545517e-13 1.5494701464473793e-09 0 1.5494701464473793e-09 535.80624769632936 0.00020957252596085784 0
0.42499999999999993 0.43499999999999994 0.42999999999999994 2.5550440702190809e-13 4.8213703394762451e-10 0 4.8213703394762451e-10 515.77301489843046 0.00020957252596085787 0
0.43499999999999994 0.4449999999999999 0.43999999999999995 6.3931928679368493e-14 1.294146593145946e-10 0 1.294146593145946e-10 496.24387166615992 0.00020957252596085787 0
0.4449999999999999 0.45499999999999996 0.44999999999999996 1.4301621151043618e-14 3.2297094807128272e-11 0 3.2297094807128272e-11 475.5481237480962 0.00020957252596085787 0
0.45499999999999996 0.46499999999999991 0.45999999999999996 2.5742040365531933e-15 6.6696098574616665e-12 0 6.6696098574616665e-12 453.53567660966627 0.00020957252596085787 0
0.46499999999999991 0.47499999999999992 0.46999999999999992 3.5720254986099467e-16 1.1178853944911512e-12 0 1.1178853944911512e-12 429.10790827235917 0.00020957252596085789 0
0.47499999999999992 0.48499999999999988 0.47999999999999987 3.7472625471777054e-17 1.4128611349154146e-13 0 1.4128611349154146e-13 397.12921905025797 0.00020957252596085787 0
0.48499999999999988 0.49499999999999988 0.48999999999999988 2.9508118049925111e-18 1.2016510010706621e-14 0 1.2016510010706621e-14 362.88980224943521 0.00020957252596085787 0
0.49499999999999988 0.50499999999999989 0.49999999999999989 2.1095890380906373e-19 8.6013832047338904e-16 0 8.6013832047338904e-16 338.50390372081199 0.00020957252596085787 0
0.50499999999999989 0.5149999999999999 0.5099999999999999 1.3709797040768651e-20 5.5620111508967711e-17 0 5.5620111508967711e-17 323.32817572063806 0.00020957252596085787 0
0.5149999999999999 0.52499999999999991 0.51999999999999991 8.3266637341314813e-22 3.3542643361458169e-18 0 3.3542643361458169e-18 313.54259834341786 0.00020957252596085787 0
0.52499999999999991 0.53499999999999992 0.52999999999999992 4.9538135429613786e-23 1.932246515790236e-19 0 1.932246515790236e-19 308.75991469641485 0.00020957252596085789 0
0.53499999999999992 0.54499999999999982 0.53999999999999981 3.6704444911740658e-24 1.1208523639084032e-20 0 1.1208523639084032e-20 305.50353630607628 0.00020957252596085784 0
0.54499999999999982 0.55499999999999994 0.54999999999999982 7.177763986226544e-25 7.699090837792676e-22 0 7.699090837792676e-22 303.07712142877648 0.00020957252596085787 0
0.55499999999999994 0.56499999999999995 0.55999999999999994 3.6246763811969478e-25 1.3362425084710927e-22 0 1.3362425084710927e-22 300.93117632900635 0.00020957252596085787 0
0.56499999999999995 0.57499999999999984 0.56999999999999984 2.7001157525674736e-25 4.7462455855987303e-23 0 4.7462455855987303e-23 299.79276995006546 0.00020957252596085789 0
0.57499999999999984 0.58499999999999996 0.57999999999999985 2.0346779217901835e-25 3.2052318582185511e-23 0 3.2052318582185511e-23 298.54290816022012 0.00020957252596085787 0
0.58499999999999996 0.59499999999999997 0.58999999999999997 1.7565210558104592e-25 1.0263669623639806e-23 0 1.0263669623639806e-23 298.0936844391407 0.00020957252596085787 0
0.59499999999999997 0.60499999999999987 0.59999999999999987 1.4878551221170672e-25 1.4776241077475264e-23 0 1.4776241077475264e-23 297.42377004905057 0.00020957252596085784 0
0.60499999999999987 0.61499999999999988 0.60999999999999988 1.3121347232473072e-25 1.2129193277734227e-23 0 1.2129193277734227e-23 296.67367058098358 0.00020957252596085787 0
0.61499999999999988 0.62499999999999989 0.61999999999999988 1.1859330769659779e-25 4.0939849189347533e-24 0 4.0939849189347533e-24 296.65390094145289 0.00020957252596085787 0
0.62499999999999989 0.6349999999999999 0.62999999999999989 1.1247028799874175e-25 1.7471761735804182e-24 0 1.7471761735804182e-24 296.03438617401667 0.00020957252596085787 0
0.6349999999999999 0.64499999999999991 0.6399999999999999 1.1206652712150018e-25 8.8883740408551229e-26 0 8.8883740408551229e-26 296.03438617401662 0.00020957252596085789 0
0.64499999999999991 0.6549999999999998 0.64999999999999991 1.1200762055639415e-25 1.8227777229377337e-27 0 1.8227777229377337e-27 296.03438617401667 0.00020957252596085789 0
0.6549999999999998 0.66499999999999992 0.65999999999999992 1.0922352931313733e-25 1.9885717674293781e-24 0 1.9885717674293781e-24 295.96010806205311 0.00020957252596085787 0
0.66499999999999992 0.67499999999999982 0.66999999999999993 9.7221167285556385e-26 6.2265985166668156e-24 0 6.2265985166668156e-24 295.44009249150065 0.00020957252596085784 0
0.67499999999999982 0.68499999999999983 0.67999999999999983 9.1353834746082937e-26 2.8828309766789541e-24 0 2.8828309766789541e-24 295.51859626350699 0.00020957252596085787 0
0.68499999999999983 0.69499999999999995 0.68999999999999995 9.074230245870514e-26 3.6988395580030084e-25 0 3.6988395580030084e-25 295.56756058800158 0.00020957252596085787 0
0.69499999999999995 0.70499999999999985 0.69999999999999996 9.0407303158053849e-26 5.3804228648468579e-26 0 5.3804228648468579e-26 295.44614423515139 0.00020957252596085784 0
0.70499999999999985 0.71499999999999986 0.70999999999999985 9.0412681551435696e-26 4.6949098100250152e-26 0 4.6949098100250152e-26 295.15732484114528 0.00020957252596085787 0
0.71499999999999986 0.72499999999999987 0.71999999999999986 9.0423976840421532e-26 3.5841986169753464e-27 0 3.5841986169753464e-27 295.08087008343256 0.00020957252596085789 0
0.72499999999999987 0.73499999999999988 0.72999999999999987 9.0423378085292309e-26 1.6976850012611356e-28 0 1.6976850012611356e-28 295.08087008343261 0.00020957252596085787 0
0.73499999999999988 0.74499999999999988 0.73999999999999988 9.0423331552026976e-26 1.8228422660295859e-30 0 1.8228422660295859e-30 295.08087008343256 0.00020957252596085789 0
0.74499999999999988 0.75499999999999989 0.74999999999999989 9.0423309562832656e-26 0 0 0 295.08087008343256 0.00020957252596085787 0
0.75499999999999989 0.7649999999999999 0.7599999999999999 9.0423287356312218e-26 0 0 0 295.08087008343261 0.00020957252596085787 0
0.7649999999999999 0.77499999999999991 0.76999999999999991 9.0423265021650245e-26 0 0 0 295.08087008343261 0.00020957252596085787 0
0.77499999999999991 0.78499999999999981 0.7799999999999998 9.0423242834172286e-26 0 0 0 295.08087008343261 0.00020957252596085789 0
0.78499999999999981 0.79499999999999982 0.78999999999999981 9.0423220649070813e-26 0 0 0 295.08087008343261 0.00020957252596085789 0
0.79499999999999982 0.80499999999999994 0.79999999999999982 9.0423198462504264e-26 0 0 0 295.08087008343267 0.00020957252596085787 0
0.80499999999999994 0.81499999999999984 0.80999999999999983 9.0423176276856932e-26 0 0 0 295.08087008343267 0.00020957252596085784 0
0.81499999999999984 0.82499999999999984 0.81999999999999984 9.0423154090657932e-26 0 0 0 295.08087008343261 0.00020957252596085787 0
0.82499999999999984 0.83499999999999974 0.82999999999999985 9.0423131904725244e-26 0 0 0 295.08087008343261 0.00020957252596085789 0
0.83499999999999974 0.84499999999999986 0.83999999999999986 9.0423109718695509e-26 0 0 0 295.08087008343261 0.00020957252596085787 0
0.84499999999999986 0.85499999999999987 0.84999999999999987 9.0423087532549934e-26 0 0 0 295.08087008343256 0.00020957252596085789 0
0.85499999999999987 0.86499999999999977 0.85999999999999988 9.042306534645278e-26 0 0 0 295.08087008343267 0.00020957252596085784 0
0.86499999999999977 0.87499999999999989 0.86999999999999988 9.0423043160239248e-26 0 0 0 295.08087008343261 0.00020957252596085787 0
0.87499999999999989 0.8849999999999999 0.87999999999999989 9.042302097413128e-26 0 0 0 295.08087008343261 0.00020957252596085789 0
0.8849999999999999 0.8949999999999998 0.8899999999999999 9.0422998787855161e-26 0 0 0 295.08087008343261 0.00020957252596085789 0
0.8949999999999998 0.9049999999999998 0.8999999999999998 9.0422976564062589e-26 0 0 0 295.08087008343261 0.00020957252596085787 0
0.9049999999999998 0.91499999999999992 0.90999999999999992 9.0422954246053721e-26 0 0 0 295.08087008343261 0.00020957252596085787 0
0.91499999999999992 0.92499999999999982 0.91999999999999993 9.0422932059881319e-26 0 0 0 295.08087008343261 0.00020957252596085784 0
0.92499999999999982 0.93499999999999983 0.92999999999999983 9.0422909873651899e-26 0 0 0 295.08087008343256 0.00020957252596085789 0
0.93499999999999983 0.94499999999999984 0.93999999999999984 9.0422887687464459e-26 0 0 0 295.08087008343267 0.00020957252596085787 0
0.94499999999999984 0.95499999999999985 0.94999999999999984 9.042286550124995e-26 0 0 0 295.08087008343261 0.00020957252596085787 0
0.95499999999999985 0.96499999999999986 0.95999999999999985 9.0422843315054016e-26 0 0 0 295.08087008343256 0.00020957252596085789 0
0.96499999999999986 0.97499999999999976 0.96999999999999975 9.0422821128829405e-26 0 0 0 295.08087008343267 0.00020957252596085784 0
0.97499999999999976 0.98499999999999988 0.97999999999999976 9.0422798942580355e-26 0 0 0 295.08087008343267 0.00020957252596085787 0
0.98499999999999988 0.99499999999999977 0.98999999999999977 9.0422776756348616e-26 0 0 0 295.08087008343267 0.00020957252596085784 0
0.99499999999999977 1.0049999999999999 0.99999999999999978 9.0422754570138746e-26 0 0 0 295.08087008343261 0.00020957252596085787 0
1.0049999999999999 1.0149999999999999 1.0099999999999998 9.0422732383947139e-26 0 0 0 295.08087008343261 0.00020957252596085787 0
1.0149999999999999 1.0249999999999999 1.02 9.0422710197746612e-26 0 0 0 295.08087008343267 0.00020957252596085787 0
1.0249999999999999 1.0349999999999999 1.0299999999999998 9.0422688011528476e-26 0 0 0 295.08087008343256 0.00020957252596085789 0
1.0349999999999999 1.0449999999999999 1.04 9.042266576882864e-26 0 0 0 295.08087008343261 0.00020957252596085787 0
1.0449999999999999 1.0549999999999999 1.0499999999999998 9.0422643469669329e-26 0 0 0 295.08087008343261 0.00020957252596085787 0
1.0549999999999999 1.0649999999999997 1.0599999999999998 9.0422621283384394e-26 0 0 0 295.08087008343267 0.00020957252596085784 0
1.0649999999999997 1.075 1.0699999999999998 9.0422599097057387e-26 0 0 0 295.08087008343256 0.00020957252596085789 0
1.075 1.085 1.0800000000000001 9.0422576910706882e-26 0 0 0 295.08087008343267 0.00020957252596085787 0
1.085 1.0949999999999998 1.0899999999999999 9.0422554724366926e-26 0 0 0 295.08087008343261 0.00020957252596085784 0
1.0949999999999998 1.105 1.0999999999999999 9.0422532538057494e-26 0 0 0 295.08087008343261 0.00020957252596085787 0
1.105 1.115 1.1099999999999999 9.0422510351744825e-26 0 0 0 295.08087008343261 0.00020957252596085787 0
1.115 1.1249999999999998 1.1199999999999999 9.0422488165412997e-26 0 0 0 295.08087008343256 0.00020957252596085789 0
1.1249999999999998 1.135 1.1299999999999999 9.0422465979058015e-26 0 0 0 295.08087008343256 0.00020957252596085787 0
1.135 1.145 1.1400000000000001 9.0422443792697786e-26 0 0 0 295.08087008343256 0.00020957252596085789 0
1.145 1.1549999999999998 1.1499999999999999 9.0422421606357119e-26 0 0 0 295.08087008343261 0.00020957252596085789 0
1.1549999999999998 1.165 1.1599999999999999 9.0422399420056549e-26 0 0 0 295.08087008343261 0.00020957252596085787 0
1.165 1.175 1.1699999999999999 9.0422377233784379e-26 0 0 0 295.08087008343261 0.00020957252596085787 0
1.175 1.1849999999999998 1.1799999999999999 9.0422354972253411e-26 0 0 0 295.08087008343256 0.00020957252596085789 0
1.1849999999999998 1.1950000000000001 1.1899999999999999 9.0422332691920525e-26 0 0 0 295.08087008343256 0.00020957252596085787 0
1.1950000000000001 1.2049999999999998 1.2 9.042231050567004e-26 0 0 0 295.08087008343261 0.00020957252596085789 0
1.2049999999999998 1.2149999999999999 1.21 9.0422288319412197e-26 0 0 0 295.08087008343261 0.00020957252596085787 0
1.2149999999999999 1.2249999999999999 1.2199999999999998 9.0422266133152988e-26 0 0 0 295.08087008343261 0.00020957252596085787 0
1.2249999999999999 1.2349999999999999 1.23 9.0422243946879659e-26 0 0 0 295.08087008343261 0.00020957252596085787 0
1.2349999999999999 1.2449999999999999 1.2399999999999998 9.0422221760592508e-26 0 0 0 295.08087008343261 0.00020957252596085787 0
1.2449999999999999 1.2549999999999999 1.25 4.521110285445394e-26 0 0 0 295.08087008343261 0.00010478626298043125 0
