# axial profiles of the pair BiI3_g -> BiI3_s, bin set native (rhoFixedFlowFoam, axialProfiles.H)
# time 60.000000000027363 directory 60 reason write time
# molarMass 0.58969380999999998
# axis (1 0 0) origin (0 0 0)
# nBins 126
# inventory gas 2.7110458252072374e-14 wall 8.5238922770437263e-12 sample 0
# binned gas 2.7110458252072371e-14 wall 8.5238922770437279e-12 sample 0
# outside gas 0 wall 0 sample 0
# observable wall
# fraction 0.001
# significance 1e-13 minimumAmount 8.5510027352957979e-25
# Tdep fromInlet status found T 458.77689303781432 x 0.57001611008568187 peak 4.9099952904443924e-10 xPeak 0.58999999999999997 threshold 4.9099952904443928e-13 searchFrom 0.02
# Tdep fromPeak status found T 458.77689303781432 x 0.57001611008568187 peak 4.9099952904443924e-10 xPeak 0.58999999999999997 threshold 4.9099952904443928e-13
# Tpeak 405.25049347773387 K at x 0.58999999999999997 m; bin maximum of observable
# columns x_lo x_hi x gas wall sample observable Twall wallArea sampleGas
# units m m m mol/m mol/m mol/m mol/m K m2/m mol/m
-0.0050000000000000001 0.0049999999999999984 -8.6736173798840355e-19 9.8517619999748057e-100 0 0 0 1057.818576867752 0.00010915235727128012 0
0.0049999999999999984 0.014999999999999996 0.0099999999999999967 5.7200519889073203e-91 0 0 0 1054.8439987529587 0.00021830471454256024 0
0.014999999999999996 0.024999999999999994 0.019999999999999997 1.4001289694972755e-82 0 0 0 1060.5909031727692 0.00021830471454256024 0
0.024999999999999994 0.034999999999999996 0.029999999999999995 3.0264705465082019e-74 0 0 0 1075.5101223922511 0.00021830471454256027 0
0.034999999999999996 0.044999999999999991 0.039999999999999994 7.4915555382361054e-66 0 0 0 1093.8727601659434 0.0002183047145425603 0
0.044999999999999991 0.054999999999999993 0.049999999999999989 2.3175549660371977e-57 0 0 0 1108.4494212777872 0.00021830471454256027 0
0.054999999999999993 0.064999999999999988 0.059999999999999991 1.1653102765895567e-48 0 0 0 1116.6107435227532 0.0002183047145425603 0
0.064999999999999988 0.074999999999999983 0.069999999999999979 2.619901630905509e-38 0 0 0 1122.0898519273469 0.0002183047145425603 0
0.074999999999999983 0.084999999999999978 0.079999999999999988 4.4505654701835164e-29 0 0 0 1123.0699122706415 0.00021830471454256032 0
0.084999999999999978 0.094999999999999973 0.089999999999999969 1.3139750122940632e-22 0 0 0 1121.2073920608993 0.0002183047145425603 0
0.094999999999999973 0.10499999999999998 0.099999999999999978 4.271960219536764e-21 0 0 0 1115.9493773865493 0.00021830471454256027 0
0.10499999999999998 0.11499999999999998 0.10999999999999999 8.6047555994533645e-21 0 0 0 1105.4794478118326 0.00021830471454256032 0
0.11499999999999998 0.12499999999999997 0.11999999999999997 1.1408136326534893e-20 0 0 0 1093.7291307201465 0.00021830471454256032 0
0.12499999999999997 0.13499999999999998 0.12999999999999998 1.5532590202222465e-20 0 0 0 1079.6957188406473 0.00021830471454256032 0
0.13499999999999998 0.14499999999999999 0.13999999999999999 2.0435699986187542e-20 0 0 0 1066.3824785493437 0.00021830471454256027 0
0.14499999999999999 0.15499999999999997 0.14999999999999997 2.7247140247425252e-20 0 0 0 1051.09645986378 0.00021830471454256035 0
0.15499999999999997 0.16499999999999995 0.15999999999999998 3.2997571018273243e-20 0 0 0 1040.0891784269377 0.0002183047145425603 0
0.16499999999999995 0.17499999999999996 0.16999999999999996 3.8209557535367587e-20 0 0 0 1031.0396007705988 0.00021830471454256032 0
0.17499999999999996 0.18499999999999997 0.17999999999999997 4.4136485075936984e-20 0 0 0 1021.4229726987902 0.00021830471454256032 0
0.18499999999999997 0.19499999999999995 0.18999999999999995 4.9869842964285591e-20 0 0 0 1012.7486091026395 0.0002183047145425603 0
0.19499999999999995 0.20499999999999993 0.19999999999999996 5.5243779921356851e-20 0 0 0 1005.0988279868593 0.0002183047145425603 0
0.20499999999999993 0.21499999999999997 0.20999999999999996 6.1140201844037801e-20 0 0 0 996.98883093000757 0.00021830471454256035 0
0.21499999999999997 0.22499999999999998 0.21999999999999997 6.7485173150723495e-20 0 0 0 988.5679427659029 0.00021830471454256032 0
0.22499999999999998 0.23499999999999996 0.22999999999999998 7.4693797271352442e-20 0 0 0 979.3897486195616 0.0002183047145425603 0
0.23499999999999996 0.24499999999999994 0.23999999999999994 8.3572582299685779e-20 0 0 0 968.42630726728783 0.0002183047145425603 0
0.24499999999999994 0.25499999999999995 0.24999999999999994 9.6420641291997408e-20 0 0 0 952.55791495101869 0.00021830471454256038 0
0.25499999999999995 0.26499999999999996 0.25999999999999995 1.0970352025785118e-19 0 0 0 935.95732585981762 0.00021830471454256032 0
0.26499999999999996 0.27499999999999997 0.26999999999999996 1.2126978073945044e-19 0 0 0 920.0237952723013 0.00021830471454256027 0
0.27499999999999997 0.28499999999999992 0.27999999999999992 1.3019074159339461e-19 0 0 0 904.8296580120201 0.0002183047145425603 0
0.28499999999999992 0.29499999999999998 0.28999999999999992 1.35204651473191e-19 0 0 0 891.26825631751819 0.0002183047145425603 0
0.29499999999999998 0.30499999999999994 0.29999999999999993 1.3632604467656832e-19 0 0 0 878.21190678915661 0.0002183047145425603 0
0.30499999999999994 0.31499999999999995 0.30999999999999994 1.3191431607388755e-19 0 0 0 863.59842334278653 0.00021830471454256027 0
0.31499999999999995 0.3249999999999999 0.31999999999999995 1.2173534984979499e-19 0 0 0 849.03887888660279 0.0002183047145425603 0
0.3249999999999999 0.33499999999999991 0.3299999999999999 1.0893499826975738e-19 0 0 0 836.74624142457503 0.00021830471454256027 0
0.33499999999999991 0.34499999999999997 0.33999999999999997 9.2817899591787094e-20 0 0 0 823.86125594604414 0.00021830471454256035 0
0.34499999999999997 0.35499999999999993 0.34999999999999998 7.3634963847696906e-20 0 0 0 809.23174245167388 0.0002183047145425603 0
0.35499999999999993 0.36499999999999994 0.35999999999999993 5.4922303773485352e-20 0 0 0 793.87557680824796 0.00021830471454256027 0
0.36499999999999994 0.37499999999999994 0.36999999999999994 4.2388736006204594e-20 0 0 0 778.64763241371429 0.00021830471454256032 0
0.37499999999999994 0.38499999999999995 0.37999999999999995 4.3844634303798552e-20 0 0 0 763.37565809519526 0.00021830471454256027 0
0.38499999999999995 0.39499999999999991 0.3899999999999999 5.4266684957072973e-20 0 0 0 747.95521627288031 0.0002183047145425603 0
0.39499999999999991 0.40499999999999992 0.39999999999999991 6.8366869763575859e-20 0 0 0 732.03161982308063 0.00021830471454256027 0
0.40499999999999992 0.41499999999999987 0.40999999999999992 8.5942064733050132e-20 0 0 0 717.40589962110244 0.00021830471454256027 0
0.41499999999999987 0.42499999999999993 0.41999999999999993 1.0731010659627902e-19 0 0 0 702.82438710274619 0.00021830471454256035 0
0.42499999999999993 0.43499999999999994 0.42999999999999994 1.3251022784493503e-19 0 0 0 689.20380922982372 0.00021830471454256027 0
0.43499999999999994 0.4449999999999999 0.43999999999999995 1.6430735643087982e-19 0 0 0 673.54116140126087 0.0002183047145425603 0
0.4449999999999999 0.45499999999999996 0.44999999999999996 2.0325713191218267e-19 0 0 0 659.43644721818396 0.0002183047145425603 0
0.45499999999999996 0.46499999999999991 0.45999999999999996 2.4206329424742458e-19 0 0 0 646.12524636312094 0.0002183047145425603 0
0.46499999999999991 0.47499999999999992 0.46999999999999992 2.8652362116348751e-19 0 0 0 632.24651297145203 0.00021830471454256032 0
0.47499999999999992 0.48499999999999988 0.47999999999999987 8.0807789083869675e-19 0 0 0 618.92751785647522 0.0002183047145425603 0
0.48499999999999988 0.49499999999999988 0.48999999999999988 8.4382779216649604e-18 0 0 0 603.06309365065874 0.00021830471454256027 0
0.49499999999999988 0.50499999999999989 0.49999999999999989 1.0556206855720602e-16 0 0 0 586.25512170131742 0.00021830471454256027 0
0.50499999999999989 0.5149999999999999 0.5099999999999999 1.628548897832849e-16 0 0 0 567.36452340786286 0.00021830471454256027 0
0.5149999999999999 0.52499999999999991 0.51999999999999991 3.424659710975691e-16 0 0 0 549.16073527267554 0.00021830471454256027 0
0.52499999999999991 0.53499999999999992 0.52999999999999992 7.9674296009936528e-16 0 0 0 532.58996477800815 0.00021830471454256027 0
0.53499999999999992 0.54499999999999982 0.53999999999999981 5.2694630011768571e-15 0 0 0 514.47376022586479 0.0002183047145425603 0
0.54499999999999982 0.55499999999999994 0.54999999999999982 3.3644076715414503e-14 0 0 0 497.34743461743307 0.00021830471454256032 0
0.55499999999999994 0.56499999999999995 0.55999999999999994 2.3185267568332621e-13 0 0 0 477.88432888184889 0.00021830471454256027 0
0.56499999999999995 0.57499999999999984 0.56999999999999984 8.4430000501582042e-13 0 0 0 458.81482297253285 0.00021830471454256032 0
0.57499999999999984 0.58499999999999996 0.57999999999999985 1.2844503766771512e-12 3.0477772665809362e-10 0 3.0477772665809362e-10 435.27060634505852 0.00021830471454256027 0
0.58499999999999996 0.59499999999999997 0.58999999999999997 2.949606831863423e-13 4.9099952904443924e-10 0 4.9099952904443924e-10 405.25049347773387 0.00021830471454256027 0
0.59499999999999997 0.60499999999999987 0.59999999999999987 1.464770768503929e-14 5.4270045791809165e-11 0 5.4270045791809165e-11 371.20521528846677 0.00021830471454256032 0
0.60499999999999987 0.61499999999999988 0.60999999999999988 4.693121210643644e-16 2.264882275264697e-12 0 2.264882275264697e-12 342.59418462167622 0.00021830471454256027 0
0.61499999999999988 0.62499999999999989 0.61999999999999988 1.9659186921761542e-17 7.1945887974716775e-14 0 7.1945887974716775e-14 324.57493355604146 0.00021830471454256027 0
0.62499999999999989 0.6349999999999999 0.62999999999999989 3.0020347146248515e-18 4.1548133312585443e-15 0 4.1548133312585443e-15 315.3075035236177 0.00021830471454256027 0
0.6349999999999999 0.64499999999999991 0.6399999999999999 9.0546772549512362e-19 6.5968745964806444e-16 0 6.5968745964806444e-16 308.84982096248649 0.00021830471454256032 0
0.64499999999999991 0.6549999999999998 0.64999999999999991 4.9973504501361339e-19 1.0414395522304797e-16 0 1.0414395522304797e-16 305.95372971236628 0.0002183047145425603 0
0.6549999999999998 0.66499999999999992 0.65999999999999992 3.6854367707268889e-19 6.0957456004632258e-17 0 6.0957456004632258e-17 304.0695211624423 0.00021830471454256032 0
0.66499999999999992 0.67499999999999982 0.66999999999999993 2.8866691882861553e-19 3.6620667918394649e-17 0 3.6620667918394649e-17 302.67868971444142 0.0002183047145425603 0
0.67499999999999982 0.68499999999999983 0.67999999999999983 2.268820573816823e-19 2.9206685476182009e-17 0 2.9206685476182009e-17 301.30350129823671 0.00021830471454256027 0
0.68499999999999983 0.69499999999999995 0.68999999999999995 1.9045768371973046e-19 1.9296666906469544e-17 0 1.9296666906469544e-17 300.29809832560358 0.00021830471454256032 0
0.69499999999999995 0.70499999999999985 0.69999999999999996 1.4891909177037164e-19 1.8116997062620216e-17 0 1.8116997062620216e-17 298.96263450524378 0.0002183047145425603 0
0.70499999999999985 0.71499999999999986 0.70999999999999985 1.2432768678255128e-19 9.6708069927289556e-18 0 9.6708069927289556e-18 298.01855339335862 0.00021830471454256032 0
0.71499999999999986 0.72499999999999987 0.71999999999999986 1.1966689143140323e-19 1.0530128272707053e-18 0 1.0530128272707053e-18 298.23360690002579 0.00021830471454256027 0
0.72499999999999987 0.73499999999999988 0.72999999999999987 1.191447634869323e-19 2.4382047286163864e-19 0 2.4382047286163864e-19 297.85616883745217 0.00021830471454256027 0
0.73499999999999988 0.74499999999999988 0.73999999999999988 1.1464118865291164e-19 3.6598417753341382e-18 0 3.6598417753341382e-18 297.59663951345186 0.00021830471454256027 0
0.74499999999999988 0.75499999999999989 0.74999999999999989 1.0982930087049847e-19 5.7608620537689184e-19 0 5.7608620537689184e-19 297.7160558822705 0.00021830471454256027 0
0.75499999999999989 0.7649999999999999 0.7599999999999999 1.0982929672506424e-19 0 0 0 297.73836443468713 0.00021830471454256027 0
0.7649999999999999 0.77499999999999991 0.76999999999999991 1.0982925831172258e-19 0 0 0 297.73836443468713 0.00021830471454256027 0
0.77499999999999991 0.78499999999999981 0.7799999999999998 1.0982924775323401e-19 0 0 0 297.73836443468707 0.00021830471454256032 0
0.78499999999999981 0.79499999999999982 0.78999999999999981 1.0982923729320414e-19 0 0 0 297.73836443468707 0.00021830471454256027 0
0.79499999999999982 0.80499999999999994 0.79999999999999982 1.0982922683346195e-19 0 0 0 297.73836443468713 0.00021830471454256032 0
0.80499999999999994 0.81499999999999984 0.80999999999999983 1.0982921637377201e-19 0 0 0 297.73836443468718 0.0002183047145425603 0
0.81499999999999984 0.82499999999999984 0.81999999999999984 1.0982920591409759e-19 0 0 0 297.73836443468707 0.00021830471454256027 0
0.82499999999999984 0.83499999999999974 0.82999999999999985 1.0982919545441029e-19 0 0 0 297.73836443468713 0.0002183047145425603 0
0.83499999999999974 0.84499999999999986 0.83999999999999986 1.0982918499470527e-19 0 0 0 297.73836443468713 0.00021830471454256032 0
0.84499999999999986 0.85499999999999987 0.84999999999999987 1.0982917453502758e-19 0 0 0 297.73836443468713 0.00021830471454256027 0
0.85499999999999987 0.86499999999999977 0.85999999999999988 1.098291640753853e-19 0 0 0 297.73836443468718 0.0002183047145425603 0
0.86499999999999977 0.87499999999999989 0.86999999999999988 1.0982915361573476e-19 0 0 0 297.73836443468713 0.00021830471454256032 0
0.87499999999999989 0.8849999999999999 0.87999999999999989 1.0982914315605806e-19 0 0 0 297.73836443468713 0.00021830471454256027 0
0.8849999999999999 0.8949999999999998 0.8899999999999999 1.0982913269632892e-19 0 0 0 297.73836443468713 0.0002183047145425603 0
0.8949999999999998 0.9049999999999998 0.8999999999999998 1.0982912221883221e-19 0 0 0 297.73836443468707 0.00021830471454256027 0
0.9049999999999998 0.91499999999999992 0.90999999999999992 1.0982911169698463e-19 0 0 0 297.73836443468713 0.00021830471454256027 0
0.91499999999999992 0.92499999999999982 0.91999999999999993 1.0982910123725374e-19 0 0 0 297.73836443468713 0.0002183047145425603 0
0.92499999999999982 0.93499999999999983 0.92999999999999983 1.0982909077752277e-19 0 0 0 297.73836443468707 0.00021830471454256032 0
0.93499999999999983 0.94499999999999984 0.93999999999999984 1.0982908031781217e-19 0 0 0 297.73836443468718 0.00021830471454256024 0
0.94499999999999984 0.95499999999999985 0.94999999999999984 1.098290698581235e-19 0 0 0 297.73836443468713 0.00021830471454256027 0
0.95499999999999985 0.96499999999999986 0.95999999999999985 1.0982905939845201e-19 0 0 0 297.73836443468713 0.00021830471454256032 0
0.96499999999999986 0.97499999999999976 0.96999999999999975 1.0982904893878857e-19 0 0 0 297.73836443468718 0.0002183047145425603 0
0.97499999999999976 0.98499999999999988 0.97999999999999976 1.0982903847911572e-19 0 0 0 297.73836443468713 0.00021830471454256032 0
0.98499999999999988 0.99499999999999977 0.98999999999999977 1.0982902801941778e-19 0 0 0 297.73836443468713 0.0002183047145425603 0
0.99499999999999977 1.0049999999999999 0.99999999999999978 1.0982901755971818e-19 0 0 0 297.73836443468701 0.00021830471454256032 0
1.0049999999999999 1.0149999999999999 1.0099999999999998 1.0982900710003105e-19 0 0 0 297.73836443468707 0.00021830471454256027 0
1.0149999999999999 1.0249999999999999 1.02 1.0982899664035904e-19 0 0 0 297.73836443468713 0.00021830471454256027 0
1.0249999999999999 1.0349999999999999 1.0299999999999998 1.098289861807046e-19 0 0 0 297.73836443468707 0.00021830471454256027 0
1.0349999999999999 1.0449999999999999 1.04 1.0982897569437411e-19 0 0 0 297.73836443468701 0.00021830471454256032 0
1.0449999999999999 1.0549999999999999 1.0499999999999998 1.0982896518144477e-19 0 0 0 297.73836443468713 0.00021830471454256027 0
1.0549999999999999 1.0649999999999997 1.0599999999999998 1.0982895472174815e-19 0 0 0 297.73836443468713 0.0002183047145425603 0
1.0649999999999997 1.075 1.0699999999999998 1.0982894426205146e-19 0 0 0 297.73836443468713 0.0002183047145425603 0
1.075 1.085 1.0800000000000001 1.0982893380236383e-19 0 0 0 297.73836443468713 0.00021830471454256027 0
1.085 1.0949999999999998 1.0899999999999999 1.098289233426402e-19 0 0 0 297.73836443468713 0.0002183047145425603 0
1.0949999999999998 1.105 1.0999999999999999 1.0982891288288829e-19 0 0 0 297.73836443468718 0.00021830471454256027 0
1.105 1.115 1.1099999999999999 1.0982890242319425e-19 0 0 0 297.73836443468713 0.00021830471454256032 0
1.115 1.1249999999999998 1.1199999999999999 1.0982889196347082e-19 0 0 0 297.73836443468713 0.0002183047145425603 0
1.1249999999999998 1.135 1.1299999999999999 1.098288815036513e-19 0 0 0 297.73836443468713 0.0002183047145425603 0
1.135 1.145 1.1400000000000001 1.0982887104377228e-19 0 0 0 297.73836443468713 0.00021830471454256027 0
1.145 1.1549999999999998 1.1499999999999999 1.0982886058389701e-19 0 0 0 297.73836443468713 0.0002183047145425603 0
1.1549999999999998 1.165 1.1599999999999999 1.0982885012400629e-19 0 0 0 297.73836443468713 0.0002183047145425603 0
1.165 1.175 1.1699999999999999 1.0982883966411414e-19 0 0 0 297.73836443468713 0.00021830471454256032 0
1.175 1.1849999999999998 1.1799999999999999 1.0982882916874165e-19 0 0 0 297.73836443468713 0.0002183047145425603 0
1.1849999999999998 1.1950000000000001 1.1899999999999999 1.0982881866449476e-19 0 0 0 297.73836443468718 0.0002183047145425603 0
1.1950000000000001 1.2049999999999998 1.2 1.0982880820458063e-19 0 0 0 297.73836443468707 0.00021830471454256035 0
1.2049999999999998 1.2149999999999999 1.21 1.0982879774465698e-19 0 0 0 297.73836443468713 0.00021830471454256027 0
1.2149999999999999 1.2249999999999999 1.2199999999999998 1.0982878728475527e-19 0 0 0 297.73836443468707 0.00021830471454256032 0
1.2249999999999999 1.2349999999999999 1.23 1.0982877682489255e-19 0 0 0 297.73836443468713 0.00021830471454256027 0
1.2349999999999999 1.2449999999999999 1.2399999999999998 1.0982876636508418e-19 0 0 0 297.73836443468713 0.00021830471454256032 0
1.2449999999999999 1.2549999999999999 1.25 5.4914379398752353e-20 0 0 0 297.73836443468718 0.00010915235727128256 0
