# axial profiles of the pair element_I -> I, bin set native (rhoFixedFlowFoam, axialProfiles.H)
# time 60.000000000027363 directory 60 reason write time
# molarMass 1
# axis (1 0 0) origin (0 0 0)
# nBins 126
# inventory gas 8.0074542016342477e-12 wall 1.0670221252745207e-10 sample 0
# binned gas 8.0074542016342494e-12 wall 1.0670221252745207e-10 sample 0
# outside gas 0 wall 0 sample 0
# observable wall
# fraction 0.001
# significance 1e-13 minimumAmount 1.1470966672908631e-23
# Tdep fromInlet status found T 602.80918644802807 x 0.49015106355686205 peak 4.5915869882471686e-09 xPeak 0.5099999999999999 threshold 4.5915869882471688e-12 searchFrom 0.02
# Tdep fromPeak status found T 602.80918644802807 x 0.49015106355686205 peak 4.5915869882471686e-09 xPeak 0.5099999999999999 threshold 4.5915869882471688e-12
# Tpeak 567.36452340786286 K at x 0.5099999999999999 m; bin maximum of observable
# columns x_lo x_hi x gas wall sample observable Twall wallArea sampleGas
# units m m m mol/m mol/m mol/m mol/m K m2/m mol/m
-0.0050000000000000001 0.0049999999999999984 -8.6736173798840355e-19 1.7277759042868328e-32 0 0 0 1057.818576867752 0.00010915235727128012 0
0.0049999999999999984 0.014999999999999996 0.0099999999999999967 3.2328566506934074e-30 0 0 0 1054.8439987529587 0.00021830471454256024 0
0.014999999999999996 0.024999999999999994 0.019999999999999997 4.976417795486112e-28 0 0 0 1060.5909031727692 0.00021830471454256024 0
0.024999999999999994 0.034999999999999996 0.029999999999999995 7.7909420593474928e-26 0 0 0 1075.5101223922511 0.00021830471454256027 0
0.034999999999999996 0.044999999999999991 0.039999999999999994 1.2592284678059861e-23 0 0 0 1093.8727601659434 0.0002183047145425603 0
0.044999999999999991 0.054999999999999993 0.049999999999999989 2.0947299027154903e-21 0 0 0 1108.4494212777872 0.00021830471454256027 0
0.054999999999999993 0.064999999999999988 0.059999999999999991 3.5659877018001113e-19 0 0 0 1116.6107435227532 0.0002183047145425603 0
0.064999999999999988 0.074999999999999983 0.069999999999999979 7.0178253240265257e-17 0 0 0 1122.0898519273469 0.0002183047145425603 0
0.074999999999999983 0.084999999999999978 0.079999999999999988 1.4612480789596157e-14 0 0 0 1123.0699122706415 0.00021830471454256032 0
0.084999999999999978 0.094999999999999973 0.089999999999999969 2.038290207800864e-12 0 0 0 1121.2073920608993 0.0002183047145425603 0
0.094999999999999973 0.10499999999999998 0.099999999999999978 1.0891101661671068e-11 0 0 0 1115.9493773865493 0.00021830471454256027 0
0.10499999999999998 0.11499999999999998 0.10999999999999999 1.3507099298356838e-11 0 0 0 1105.4794478118326 0.00021830471454256032 0
0.11499999999999998 0.12499999999999997 0.11999999999999997 1.3652206866788704e-11 0 0 0 1093.7291307201465 0.00021830471454256032 0
0.12499999999999997 0.13499999999999998 0.12999999999999998 1.3829564779039658e-11 0 0 0 1079.6957188406473 0.00021830471454256032 0
0.13499999999999998 0.14499999999999999 0.13999999999999999 1.4001930023581864e-11 0 0 0 1066.3824785493437 0.00021830471454256027 0
0.14499999999999999 0.15499999999999997 0.14999999999999997 1.4203960873565215e-11 0 0 0 1051.09645986378 0.00021830471454256035 0
0.15499999999999997 0.16499999999999995 0.15999999999999998 1.4355606429183357e-11 0 0 0 1040.0891784269377 0.0002183047145425603 0
0.16499999999999995 0.17499999999999996 0.16999999999999996 1.4482387252367077e-11 0 0 0 1031.0396007705988 0.00021830471454256032 0
0.17499999999999996 0.18499999999999997 0.17999999999999997 1.4618172530113838e-11 0 0 0 1021.4229726987902 0.00021830471454256032 0
0.18499999999999997 0.19499999999999995 0.18999999999999995 1.4743082308585073e-11 0 0 0 1012.7486091026395 0.0002183047145425603 0
0.19499999999999995 0.20499999999999993 0.19999999999999996 1.4856147215033881e-11 0 0 0 1005.0988279868593 0.0002183047145425603 0
0.20499999999999993 0.21499999999999997 0.20999999999999996 1.4976883536060988e-11 0 0 0 996.98883093000757 0.00021830471454256035 0
0.21499999999999997 0.22499999999999998 0.21999999999999997 1.5103813742489224e-11 0 0 0 988.5679427659029 0.00021830471454256032 0
0.22499999999999998 0.23499999999999996 0.22999999999999998 1.5245724805782991e-11 0 0 0 979.3897486195616 0.0002183047145425603 0
0.23499999999999996 0.24499999999999994 0.23999999999999994 1.5419314582339218e-11 0 0 0 968.42630726728783 0.0002183047145425603 0
0.24499999999999994 0.25499999999999995 0.24999999999999994 1.5673325200067059e-11 0 0 0 952.55791495101869 0.00021830471454256038 0
0.25499999999999995 0.26499999999999996 0.25999999999999995 1.5951232667692449e-11 0 0 0 935.95732585981762 0.00021830471454256032 0
0.26499999999999996 0.27499999999999997 0.26999999999999996 1.6227908739915539e-11 0 0 0 920.0237952723013 0.00021830471454256027 0
0.27499999999999997 0.28499999999999992 0.27999999999999992 1.6501054079292776e-11 0 0 0 904.8296580120201 0.0002183047145425603 0
0.28499999999999992 0.29499999999999998 0.28999999999999992 1.6752560929561094e-11 0 0 0 891.26825631751819 0.0002183047145425603 0
0.29499999999999998 0.30499999999999994 0.29999999999999993 1.7001300794261703e-11 0 0 0 878.21190678915661 0.0002183047145425603 0
0.30499999999999994 0.31499999999999995 0.30999999999999994 1.7287328448084867e-11 0 0 0 863.59842334278653 0.00021830471454256027 0
0.31499999999999995 0.3249999999999999 0.31999999999999995 1.7584417528410607e-11 0 0 0 849.03887888660279 0.0002183047145425603 0
0.3249999999999999 0.33499999999999991 0.3299999999999999 1.7844372153284332e-11 0 0 0 836.74624142457503 0.00021830471454256027 0
0.33499999999999991 0.34499999999999997 0.33999999999999997 1.8123326993261634e-11 0 0 0 823.86125594604414 0.00021830471454256035 0
0.34499999999999997 0.35499999999999993 0.34999999999999998 1.8448189156600108e-11 0 0 0 809.23174245167388 0.0002183047145425603 0
0.35499999999999993 0.36499999999999994 0.35999999999999993 1.8804992098246392e-11 0 0 0 793.87557680824796 0.00021830471454256027 0
0.36499999999999994 0.37499999999999994 0.36999999999999994 1.9174007152026755e-11 0 0 0 778.64763241371429 0.00021830471454256032 0
0.37499999999999994 0.38499999999999995 0.37999999999999995 1.9558493835717217e-11 0 0 0 763.37565809519526 0.00021830471454256027 0
0.38499999999999995 0.39499999999999991 0.3899999999999999 1.9961602291685286e-11 0 0 0 747.95521627288031 0.0002183047145425603 0
0.39499999999999991 0.40499999999999992 0.39999999999999991 2.0393146814722827e-11 0 0 0 732.03161982308063 0.00021830471454256027 0
0.40499999999999992 0.41499999999999987 0.40999999999999992 2.0809314602679179e-11 0 0 0 717.40589962110244 0.00021830471454256027 0
0.41499999999999987 0.42499999999999993 0.41999999999999993 2.1240465441998968e-11 0 0 0 702.82438710274619 0.00021830471454256035 0
0.42499999999999993 0.43499999999999994 0.42999999999999994 2.166315807940266e-11 0 0 0 689.20380922982372 0.00021830471454256027 0
0.43499999999999994 0.4449999999999999 0.43999999999999995 2.2166050277895844e-11 0 0 0 673.54116140126087 0.0002183047145425603 0
0.4449999999999999 0.45499999999999996 0.44999999999999996 2.2638881793261874e-11 0 0 0 659.43644721818396 0.0002183047145425603 0
0.45499999999999996 0.46499999999999991 0.45999999999999996 2.3104012435612874e-11 0 0 0 646.12524636312094 0.0002183047145425603 0
0.46499999999999991 0.47499999999999992 0.46999999999999992 2.3611193614468601e-11 0 0 0 632.24651297145203 0.00021830471454256032 0
0.47499999999999992 0.48499999999999988 0.47999999999999987 2.4121579225803515e-11 0 0 0 618.92751785647522 0.0002183047145425603 0
0.48499999999999988 0.49499999999999988 0.48999999999999988 2.4728806839560489e-11 0 0 0 603.06309365065874 0.00021830471454256027 0
0.49499999999999988 0.50499999999999989 0.49999999999999989 2.4179547725138725e-11 3.0395067371788709e-10 0 3.0395067371788709e-10 586.25512170131742 0.00021830471454256027 0
0.50499999999999989 0.5149999999999999 0.5099999999999999 1.5480592403207122e-11 4.5915869882471686e-09 0 4.5915869882471686e-09 567.36452340786286 0.00021830471454256027 0
0.5149999999999999 0.52499999999999991 0.51999999999999991 9.7814431506703881e-12 2.1809482461268776e-09 0 2.1809482461268776e-09 549.16073527267554 0.00021830471454256027 0
0.52499999999999991 0.53499999999999992 0.52999999999999992 7.9802416482038824e-12 7.2376186100181395e-10 0 7.2376186100181395e-10 532.58996477800815 0.00021830471454256027 0
0.53499999999999992 0.54499999999999982 0.53999999999999981 7.4006892004677339e-12 2.2760728257717504e-10 0 2.2760728257717504e-10 514.47376022586479 0.0002183047145425603 0
0.54499999999999982 0.55499999999999994 0.54999999999999982 7.4053593270288082e-12 6.1920217479722809e-11 0 6.1920217479722809e-11 497.34743461743307 0.00021830471454256032 0
0.55499999999999994 0.56499999999999995 0.55999999999999994 7.6314966923955251e-12 1.8364324212325117e-11 0 1.8364324212325117e-11 477.88432888184889 0.00021830471454256027 0
0.56499999999999995 0.57499999999999984 0.56999999999999984 7.8651008964278708e-12 3.9538688101394375e-12 0 3.9538688101394375e-12 458.81482297253285 0.00021830471454256032 0
0.57499999999999984 0.58499999999999996 0.57999999999999985 6.3109075453222937e-12 9.1519773656507416e-10 0 9.1519773656507416e-10 435.27060634505852 0.00021830471454256027 0
0.58499999999999996 0.59499999999999997 0.58999999999999997 1.3239210913332298e-12 1.4730899337964036e-09 0 1.4730899337964036e-09 405.25049347773387 0.00021830471454256027 0
0.59499999999999997 0.60499999999999987 0.59999999999999987 7.262385532789813e-14 1.6281425530112971e-10 0 1.6281425530112971e-10 371.20521528846677 0.00021830471454256032 0
0.60499999999999987 0.61499999999999988 0.60999999999999988 2.6155940096812994e-15 6.7947317910065841e-12 0 6.7947317910065841e-12 342.59418462167622 0.00021830471454256027 0
0.61499999999999988 0.62499999999999989 0.61999999999999988 1.1439816602686123e-16 2.1583894743474121e-13 0 2.1583894743474121e-13 324.57493355604146 0.00021830471454256027 0
0.62499999999999989 0.6349999999999999 0.62999999999999989 1.8021420805551096e-17 1.2464467724465454e-14 0 1.2464467724465454e-14 315.3075035236177 0.00021830471454256027 0
0.6349999999999999 0.64499999999999991 0.6399999999999999 5.7284605931038169e-18 1.9790646514074294e-15 0 1.9790646514074294e-15 308.84982096248649 0.00021830471454256032 0
0.64499999999999991 0.6549999999999998 0.64999999999999991 3.2288627233382154e-18 3.1243213953385227e-16 0 3.1243213953385227e-16 305.95372971236628 0.0002183047145425603 0
0.6549999999999998 0.66499999999999992 0.65999999999999992 2.3938879353294327e-18 1.8287251565902378e-16 0 1.8287251565902378e-16 304.0695211624423 0.00021830471454256032 0
0.66499999999999992 0.67499999999999982 0.66999999999999993 1.8932666107304388e-18 1.0986208775749016e-16 0 1.0986208775749016e-16 302.67868971444142 0.0002183047145425603 0
0.67499999999999982 0.68499999999999983 0.67999999999999983 1.5037482966492824e-18 8.7620118236416802e-17 0 8.7620118236416802e-17 301.30350129823671 0.00021830471454256027 0
0.68499999999999983 0.69499999999999995 0.68999999999999995 1.27055996673792e-18 5.7890039506742774e-17 0 5.7890039506742774e-17 300.29809832560358 0.00021830471454256032 0
0.69499999999999995 0.70499999999999985 0.69999999999999996 1.0067987420194223e-18 5.4351025239141327e-17 0 5.4351025239141327e-17 298.96263450524378 0.0002183047145425603 0
0.70499999999999985 0.71499999999999986 0.70999999999999985 8.4681693260039677e-19 2.9012437927255936e-17 0 2.9012437927255936e-17 298.01855339335862 0.00021830471454256032 0
0.71499999999999986 0.72499999999999987 0.71999999999999986 8.1621839673278988e-19 3.1590402708803719e-18 0 3.1590402708803719e-18 298.23360690002579 0.00021830471454256027 0
0.72499999999999987 0.73499999999999988 0.72999999999999987 8.1237244840769229e-19 7.314616955416249e-19 0 7.314616955416249e-19 297.85616883745217 0.00021830471454256027 0
0.73499999999999988 0.74499999999999988 0.73999999999999988 7.8345439775869522e-19 1.0979531735865057e-17 0 1.0979531735865057e-17 297.59663951345186 0.00021830471454256027 0
0.74499999999999988 0.75499999999999989 0.74999999999999989 7.5261498959475339e-19 1.728259625090536e-18 0 1.728259625090536e-18 297.7160558822705 0.00021830471454256027 0
0.75499999999999989 0.7649999999999999 0.7599999999999999 7.5259222239658748e-19 0 0 0 297.73836443468713 0.00021830471454256027 0
0.7649999999999999 0.77499999999999991 0.76999999999999991 7.5259195662193551e-19 0 0 0 297.73836443468713 0.00021830471454256027 0
0.77499999999999991 0.78499999999999981 0.7799999999999998 7.525918842711515e-19 0 0 0 297.73836443468707 0.00021830471454256032 0
0.78499999999999981 0.79499999999999982 0.78999999999999981 7.52591812616957e-19 0 0 0 297.73836443468707 0.00021830471454256027 0
0.79499999999999982 0.80499999999999994 0.79999999999999982 7.5259174098324852e-19 0 0 0 297.73836443468713 0.00021830471454256032 0
0.80499999999999994 0.81499999999999984 0.80999999999999983 7.5259166936321492e-19 0 0 0 297.73836443468718 0.0002183047145425603 0
0.81499999999999984 0.82499999999999984 0.81999999999999984 7.5259159775013575e-19 0 0 0 297.73836443468707 0.00021830471454256027 0
0.82499999999999984 0.83499999999999974 0.82999999999999985 7.525915261375111e-19 0 0 0 297.73836443468713 0.0002183047145425603 0
0.83499999999999974 0.84499999999999986 0.83999999999999986 7.5259145452010042e-19 0 0 0 297.73836443468713 0.00021830471454256032 0
0.84499999999999986 0.85499999999999987 0.84999999999999987 7.525913828945547e-19 0 0 0 297.73836443468713 0.00021830471454256027 0
0.85499999999999987 0.86499999999999977 0.85999999999999988 7.5259131125871624e-19 0 0 0 297.73836443468718 0.0002183047145425603 0
0.86499999999999977 0.87499999999999989 0.86999999999999988 7.5259123961129418e-19 0 0 0 297.73836443468713 0.00021830471454256032 0
0.87499999999999989 0.8849999999999999 0.87999999999999989 7.5259116795203757e-19 0 0 0 297.73836443468713 0.00021830471454256027 0
0.8849999999999999 0.8949999999999998 0.8899999999999999 7.5259109628124579e-19 0 0 0 297.73836443468713 0.0002183047145425603 0
0.8949999999999998 0.9049999999999998 0.8999999999999998 7.5259102447865569e-19 0 0 0 297.73836443468707 0.00021830471454256027 0
0.9049999999999998 0.91499999999999992 0.90999999999999992 7.5259095236367677e-19 0 0 0 297.73836443468713 0.00021830471454256027 0
0.91499999999999992 0.92499999999999982 0.91999999999999993 7.5259088066843887e-19 0 0 0 297.73836443468713 0.0002183047145425603 0
0.92499999999999982 0.93499999999999983 0.92999999999999983 7.5259080897009445e-19 0 0 0 297.73836443468707 0.00021830471454256032 0
0.93499999999999983 0.94499999999999984 0.93999999999999984 7.5259073727184623e-19 0 0 0 297.73836443468718 0.00021830471454256024 0
0.94499999999999984 0.95499999999999985 0.94999999999999984 7.5259066557668576e-19 0 0 0 297.73836443468713 0.00021830471454256027 0
0.95499999999999985 0.96499999999999986 0.95999999999999985 7.5259059388713041e-19 0 0 0 297.73836443468713 0.00021830471454256032 0
0.96499999999999986 0.97499999999999976 0.96999999999999975 7.5259052220496929e-19 0 0 0 297.73836443468718 0.0002183047145425603 0
0.97499999999999976 0.98499999999999988 0.97999999999999976 7.5259045053092375e-19 0 0 0 297.73836443468713 0.00021830471454256032 0
0.98499999999999988 0.99499999999999977 0.98999999999999977 7.5259037886480592e-19 0 0 0 297.73836443468713 0.0002183047145425603 0
0.99499999999999977 1.0049999999999999 0.99999999999999978 7.5259030720586313e-19 0 0 0 297.73836443468701 0.00021830471454256032 0
1.0049999999999999 1.0149999999999999 1.0099999999999998 7.5259023555248629e-19 0 0 0 297.73836443468707 0.00021830471454256027 0
1.0149999999999999 1.0249999999999999 1.02 7.525901639027143e-19 0 0 0 297.73836443468713 0.00021830471454256027 0
1.0249999999999999 1.0349999999999999 1.0299999999999998 7.5259009225430212e-19 0 0 0 297.73836443468707 0.00021830471454256027 0
1.0349999999999999 1.0449999999999999 1.04 7.5259002042235064e-19 0 0 0 297.73836443468701 0.00021830471454256032 0
1.0449999999999999 1.0549999999999999 1.0499999999999998 7.5258994840567504e-19 0 0 0 297.73836443468713 0.00021830471454256027 0
1.0549999999999999 1.0649999999999997 1.0599999999999998 7.5258987675001558e-19 0 0 0 297.73836443468713 0.0002183047145425603 0
1.0649999999999997 1.075 1.0699999999999998 7.5258980509008364e-19 0 0 0 297.73836443468713 0.0002183047145425603 0
1.075 1.085 1.0800000000000001 7.5258973342587787e-19 0 0 0 297.73836443468713 0.00021830471454256027 0
1.085 1.0949999999999998 1.0899999999999999 7.5258966175757766e-19 0 0 0 297.73836443468713 0.0002183047145425603 0
1.0949999999999998 1.105 1.0999999999999999 7.5258959008589688e-19 0 0 0 297.73836443468718 0.00021830471454256027 0
1.105 1.115 1.1099999999999999 7.5258951841220831e-19 0 0 0 297.73836443468713 0.00021830471454256032 0
1.115 1.1249999999999998 1.1199999999999999 7.5258944673686555e-19 0 0 0 297.73836443468713 0.0002183047145425603 0
1.1249999999999998 1.135 1.1299999999999999 7.5258937506013873e-19 0 0 0 297.73836443468713 0.0002183047145425603 0
1.135 1.145 1.1400000000000001 7.5258930338281478e-19 0 0 0 297.73836443468713 0.00021830471454256027 0
1.145 1.1549999999999998 1.1499999999999999 7.5258923170563893e-19 0 0 0 297.73836443468713 0.0002183047145425603 0
1.1549999999999998 1.165 1.1599999999999999 7.5258916002856602e-19 0 0 0 297.73836443468713 0.0002183047145425603 0
1.165 1.175 1.1699999999999999 7.5258908835160587e-19 0 0 0 297.73836443468713 0.00021830471454256032 0
1.175 1.1849999999999998 1.1799999999999999 7.5258901643141204e-19 0 0 0 297.73836443468713 0.0002183047145425603 0
1.1849999999999998 1.1950000000000001 1.1899999999999999 7.5258894445011885e-19 0 0 0 297.73836443468718 0.0002183047145425603 0
1.1950000000000001 1.2049999999999998 1.2 7.5258887277217224e-19 0 0 0 297.73836443468707 0.00021830471454256035 0
1.2049999999999998 1.2149999999999999 1.21 7.5258880109372557e-19 0 0 0 297.73836443468713 0.00021830471454256027 0
1.2149999999999999 1.2249999999999999 1.2199999999999998 7.5258872941503786e-19 0 0 0 297.73836443468707 0.00021830471454256032 0
1.2249999999999999 1.2349999999999999 1.23 7.5258865773636864e-19 0 0 0 297.73836443468713 0.00021830471454256027 0
1.2349999999999999 1.2449999999999999 1.2399999999999998 7.5258858605820662e-19 0 0 0 297.73836443468713 0.00021830471454256032 0
1.2449999999999999 1.2549999999999999 1.25 3.7629426710012396e-19 0 0 0 297.73836443468718 0.00010915235727128256 0
