# axial profiles of the pair element_I -> I, bin set native (rhoFixedFlowFoam, axialProfiles.H)
# time 60.000000000027363 directory 60 reason write time
# molarMass 1
# axis (1 0 0) origin (0 0 0)
# nBins 126
# inventory gas 8.0937846326438493e-12 wall 1.0661588273290061e-10 sample 0
# binned gas 8.0937846326438509e-12 wall 1.0661588273290061e-10 sample 0
# outside gas 0 wall 0 sample 0
# observable wall
# fraction 0.001
# significance 1e-13 minimumAmount 1.1470966736554446e-23
# Tdep fromInlet status found T 597.03287823717392 x 0.54000999999999977 peak 4.4560148102909797e-09 xPeak 0.54999999999999982 threshold 4.4560148102909799e-12 searchFrom 0.02
# Tdep fromPeak status found T 597.03287823717392 x 0.54000999999999977 peak 4.4560148102909797e-09 xPeak 0.54999999999999982 threshold 4.4560148102909799e-12
# Tpeak 580.09802833988613 K at x 0.54999999999999982 m; bin maximum of observable
# columns x_lo x_hi x gas wall sample observable Twall wallArea sampleGas
# units m m m mol/m mol/m mol/m mol/m K m2/m mol/m
-0.0050000000000000001 0.0049999999999999984 -8.6736173798840355e-19 1.6504560900681928e-32 0 0 0 1154.5623673618734 0.00010915235727128012 0
0.0049999999999999984 0.014999999999999996 0.0099999999999999967 3.7318394104319673e-30 0 0 0 1154.5623673618734 0.00021830471454256024 0
0.014999999999999996 0.024999999999999994 0.019999999999999997 7.1011850456038544e-28 0 0 0 1144.5108078203718 0.00021830471454256024 0
0.024999999999999994 0.034999999999999996 0.029999999999999995 1.2786399364101382e-25 0 0 0 1114.1236691303659 0.00021830471454256027 0
0.034999999999999996 0.044999999999999991 0.039999999999999994 2.1348723286828423e-23 0 0 0 1080.7213787256435 0.0002183047145425603 0
0.044999999999999991 0.054999999999999993 0.049999999999999989 3.3386525663648313e-21 0 0 0 1058.0104741340567 0.00021830471454256027 0
0.054999999999999993 0.064999999999999988 0.059999999999999991 5.0221621408502784e-19 0 0 0 1055.6441320691104 0.0002183047145425603 0
0.064999999999999988 0.074999999999999983 0.069999999999999979 8.5789815136751373e-17 0 0 0 1065.3458043246985 0.0002183047145425603 0
0.074999999999999983 0.084999999999999978 0.079999999999999988 1.5898632411895102e-14 0 0 0 1081.6040502867154 0.00021830471454256032 0
0.084999999999999978 0.094999999999999973 0.089999999999999969 2.078206519256048e-12 0 0 0 1098.6922872432781 0.0002183047145425603 0
0.094999999999999973 0.10499999999999998 0.099999999999999978 1.0924250622196287e-11 0 0 0 1112.0343765338403 0.00021830471454256027 0
0.10499999999999998 0.11499999999999998 0.10999999999999999 1.3347107613557418e-11 0 0 0 1118.9598732889278 0.00021830471454256032 0
0.11499999999999998 0.12499999999999997 0.11999999999999997 1.3302533819870467e-11 0 0 0 1122.5884717651138 0.00021830471454256032 0
0.12499999999999997 0.13499999999999998 0.12999999999999998 1.3296704938751495e-11 0 0 0 1123.0807074672628 0.00021830471454256032 0
0.13499999999999998 0.14499999999999999 0.13999999999999999 1.3338080101003993e-11 0 0 0 1119.5232529839343 0.00021830471454256027 0
0.14499999999999999 0.15499999999999997 0.14999999999999997 1.3414202855401801e-11 0 0 0 1113.2098551978199 0.00021830471454256035 0
0.15499999999999997 0.16499999999999995 0.15999999999999998 1.3549864055675467e-11 0 0 0 1101.9840509337673 0.0002183047145425603 0
0.16499999999999995 0.17499999999999996 0.16999999999999996 1.3727769822118907e-11 0 0 0 1087.5749486289301 0.00021830471454256032 0
0.17499999999999996 0.18499999999999997 0.17999999999999997 1.3887307595643879e-11 0 0 0 1075.2056681650924 0.00021830471454256032 0
0.18499999999999997 0.19499999999999995 0.18999999999999995 1.4063097663639385e-11 0 0 0 1061.7673229649449 0.0002183047145425603 0
0.19499999999999995 0.20499999999999993 0.19999999999999996 1.4258447547254806e-11 0 0 0 1047.1512474441799 0.0002183047145425603 0
0.20499999999999993 0.21499999999999997 0.20999999999999996 1.4404578180531668e-11 0 0 0 1036.5145153186893 0.00021830471454256035 0
0.21499999999999997 0.22499999999999998 0.21999999999999997 1.4534570123525836e-11 0 0 0 1027.3020557338543 0.00021830471454256032 0
0.22499999999999998 0.23499999999999996 0.22999999999999998 1.4660298999835264e-11 0 0 0 1018.5426309973923 0.0002183047145425603 0
0.23499999999999996 0.24499999999999994 0.23999999999999994 1.4784627117669736e-11 0 0 0 1009.9178674835873 0.0002183047145425603 0
0.24499999999999994 0.25499999999999995 0.24999999999999994 1.490329381848768e-11 0 0 0 1001.8668096865016 0.00021830471454256038 0
0.25499999999999995 0.26499999999999996 0.25999999999999995 1.5015682888351306e-11 0 0 0 994.43136052432794 0.00021830471454256032 0
0.26499999999999996 0.27499999999999997 0.26999999999999996 1.5146328567456958e-11 0 0 0 985.83260226609343 0.00021830471454256027 0
0.27499999999999997 0.28499999999999992 0.27999999999999992 1.5311542339957469e-11 0 0 0 975.11795909633599 0.0002183047145425603 0
0.28499999999999992 0.29499999999999998 0.28999999999999992 1.549924168705283e-11 0 0 0 963.38307755524283 0.0002183047145425603 0
0.29499999999999998 0.30499999999999994 0.29999999999999993 1.5757341218465533e-11 0 0 0 947.56612575643885 0.0002183047145425603 0
0.30499999999999994 0.31499999999999995 0.30999999999999994 1.6035529537415009e-11 0 0 0 931.10679671738114 0.00021830471454256027 0
0.31499999999999995 0.3249999999999999 0.31999999999999995 1.6325091403399483e-11 0 0 0 914.49725927458439 0.0002183047145425603 0
0.3249999999999999 0.33499999999999991 0.3299999999999999 1.6600337833307152e-11 0 0 0 899.33417849179295 0.00021830471454256027 0
0.33499999999999991 0.34499999999999997 0.33999999999999997 1.684284644510924e-11 0 0 0 886.44846090802935 0.00021830471454256035 0
0.34499999999999997 0.35499999999999993 0.34999999999999998 1.7087997768025705e-11 0 0 0 873.99130499003877 0.0002183047145425603 0
0.35499999999999993 0.36499999999999994 0.35999999999999993 1.7393511984715785e-11 0 0 0 858.61979708738193 0.00021830471454256027 0
0.36499999999999994 0.37499999999999994 0.36999999999999994 1.7691369324837925e-11 0 0 0 844.0987172832647 0.00021830471454256032 0
0.37499999999999994 0.38499999999999995 0.37999999999999995 1.7952916640947657e-11 0 0 0 831.8220707404364 0.00021830471454256027 0
0.38499999999999995 0.39499999999999991 0.3899999999999999 1.8225275659888288e-11 0 0 0 819.43901783468243 0.0002183047145425603 0
0.39499999999999991 0.40499999999999992 0.39999999999999991 1.8560079539445816e-11 0 0 0 804.62469119524451 0.00021830471454256027 0
0.40499999999999992 0.41499999999999987 0.40999999999999992 1.8934976176660859e-11 0 0 0 788.6314821464988 0.00021830471454256027 0
0.41499999999999987 0.42499999999999993 0.41999999999999993 1.9314158470623087e-11 0 0 0 773.11068376791172 0.00021830471454256035 0
0.42499999999999993 0.43499999999999994 0.42999999999999994 1.970990715753291e-11 0 0 0 757.54454364048991 0.00021830471454256027 0
0.43499999999999994 0.4449999999999999 0.43999999999999995 2.0107191759493893e-11 0 0 0 742.61475450869614 0.0002183047145425603 0
0.4449999999999999 0.45499999999999996 0.44999999999999996 2.052768561281742e-11 0 0 0 727.37672687829354 0.0002183047145425603 0
0.45499999999999996 0.46499999999999991 0.45999999999999996 2.0949882949421938e-11 0 0 0 712.67953792875528 0.0002183047145425603 0
0.46499999999999991 0.47499999999999992 0.46999999999999992 2.1373105700227771e-11 0 0 0 698.53032459880899 0.00021830471454256032 0
0.47499999999999992 0.48499999999999988 0.47999999999999987 2.1856989663078386e-11 0 0 0 682.97998816905067 0.0002183047145425603 0
0.48499999999999988 0.49499999999999988 0.48999999999999988 2.2338847313193509e-11 0 0 0 668.29555542856451 0.00021830471454256027 0
0.49499999999999988 0.50499999999999989 0.49999999999999989 2.2776308481554915e-11 0 0 0 655.53724296627047 0.00021830471454256027 0
0.50499999999999989 0.5149999999999999 0.5099999999999999 2.3264302553075851e-11 0 0 0 641.7275789750023 0.00021830471454256027 0
0.5149999999999999 0.52499999999999991 0.51999999999999991 2.3794371203167083e-11 0 0 0 627.35435166346383 0.00021830471454256027 0
0.52499999999999991 0.53499999999999992 0.52999999999999992 2.4341388556362129e-11 0 0 0 613.15034618929553 0.00021830471454256027 0
0.53499999999999992 0.54499999999999982 0.53999999999999981 2.4749228091669686e-11 0 0 0 597.04983003887287 0.0002183047145425603 0
0.54499999999999982 0.55499999999999994 0.54999999999999982 1.8557813348846811e-11 4.4560148102909797e-09 0 4.4560148102909797e-09 580.09802833988613 0.00021830471454256032 0
0.55499999999999994 0.56499999999999995 0.55999999999999994 7.0633739813623884e-12 3.9927976840437735e-09 0 3.9927976840437735e-09 560.73800869032243 0.00021830471454256027 0
0.56499999999999995 0.57499999999999984 0.56999999999999984 2.831344235191067e-12 1.2346375188977658e-09 0 1.2346375188977658e-09 544.26716365864627 0.00021830471454256032 0
0.57499999999999984 0.58499999999999996 0.57999999999999985 1.3059580543035777e-12 5.439293842022072e-10 0 5.439293842022072e-10 526.08363293637183 0.00021830471454256027 0
0.58499999999999996 0.59499999999999997 0.58999999999999997 8.1410242091847843e-13 1.5982038207472726e-10 0 1.5982038207472726e-10 508.81949603586366 0.00021830471454256027 0
0.59499999999999997 0.60499999999999987 0.59999999999999987 6.7590877622637189e-13 4.902397588365391e-11 0 4.902397588365391e-11 490.15542922814188 0.00021830471454256032 0
0.60499999999999987 0.61499999999999988 0.60999999999999988 6.566578999500469e-13 1.1464301423753286e-11 0 1.1464301423753286e-11 470.91532464062931 0.00021830471454256027 0
0.61499999999999988 0.62499999999999989 0.61999999999999988 6.7080464293042354e-13 2.1733427515692392e-12 0 2.1733427515692392e-12 451.79448642587278 0.00021830471454256027 0
0.62499999999999989 0.6349999999999999 0.62999999999999989 6.2830711708095493e-13 6.8855147085589474e-12 0 6.8855147085589474e-12 425.91694283199405 0.00021830471454256027 0
0.6349999999999999 0.64499999999999991 0.6399999999999999 1.8840827775574077e-13 1.714547543282086e-10 0 1.714547543282086e-10 392.99291483300613 0.00021830471454256032 0
0.64499999999999991 0.6549999999999998 0.64999999999999991 1.0985528239160364e-14 3.2404072771229209e-11 0 3.2404072771229209e-11 359.73075246955591 0.0002183047145425603 0
0.6549999999999998 0.66499999999999992 0.65999999999999992 3.8147796597095629e-16 9.491027912852157e-13 0 9.491027912852157e-13 335.19706043054686 0.00021830471454256032 0
0.66499999999999992 0.67499999999999982 0.66999999999999993 2.5492492832145056e-17 2.9335817632450267e-14 0 2.9335817632450267e-14 321.46834789246873 0.0002183047145425603 0
0.67499999999999982 0.68499999999999983 0.67999999999999983 5.4539010383972231e-18 3.1549392617947572e-15 0 3.1549392617947572e-15 312.85332375747225 0.00021830471454256027 0
0.68499999999999983 0.69499999999999995 0.68999999999999995 1.9772220571747473e-18 6.580240785394582e-16 0 6.580240785394582e-16 307.19312245452346 0.00021830471454256032 0
0.69499999999999995 0.70499999999999985 0.69999999999999996 1.322522329941291e-18 8.5646104073395434e-17 0 8.5646104073395434e-17 305.20102137846635 0.0002183047145425603 0
0.70499999999999985 0.71499999999999986 0.70999999999999985 9.9794229133298928e-19 6.376855990457756e-17 0 6.376855990457756e-17 303.50044114136358 0.00021830471454256032 0
0.71499999999999986 0.72499999999999987 0.71999999999999986 7.9225828844874857e-19 4.3928376015205772e-17 0 4.3928376015205772e-17 302.16923163725647 0.00021830471454256027 0
0.72499999999999987 0.73499999999999988 0.72999999999999987 6.2568770095612028e-19 2.9229530326663098e-17 0 2.9229530326663098e-17 300.91658754420752 0.00021830471454256027 0
0.73499999999999988 0.74499999999999988 0.73999999999999988 5.1760783910582574e-19 1.9786026090572562e-17 0 1.9786026090572562e-17 299.81639555370418 0.00021830471454256027 0
0.74499999999999988 0.75499999999999989 0.74999999999999989 4.0719620797773721e-19 2.8518577620695093e-17 0 2.8518577620695093e-17 298.38813506979028 0.00021830471454256027 0
0.75499999999999989 0.7649999999999999 0.7599999999999999 3.6571882248741766e-19 5.8821045813696147e-18 0 5.8821045813696147e-18 298.05946700308215 0.00021830471454256027 0
0.7649999999999999 0.77499999999999991 0.76999999999999991 3.6000552156013575e-19 3.7660539641078538e-20 0 3.7660539641078538e-20 298.20370095604238 0.00021830471454256027 0
0.77499999999999991 0.78499999999999981 0.7799999999999998 3.5698192304275916e-19 4.3309620587262466e-19 0 4.3309620587262466e-19 297.73836443468707 0.00021830471454256032 0
0.78499999999999981 0.79499999999999982 0.78999999999999981 3.4598690723259267e-19 3.1112907097753708e-18 0 3.1112907097753708e-18 297.65517528099844 0.00021830471454256027 0
0.79499999999999982 0.80499999999999994 0.79999999999999982 3.4370715826280626e-19 0 0 0 297.73836443468707 0.00021830471454256032 0
0.80499999999999994 0.81499999999999984 0.80999999999999983 3.4370642918587616e-19 0 0 0 297.73836443468718 0.0002183047145425603 0
0.81499999999999984 0.82499999999999984 0.81999999999999984 3.437063919632365e-19 0 0 0 297.73836443468707 0.00021830471454256027 0
0.82499999999999984 0.83499999999999974 0.82999999999999985 3.4370635921512605e-19 0 0 0 297.73836443468713 0.0002183047145425603 0
0.83499999999999974 0.84499999999999986 0.83999999999999986 3.4370632648281425e-19 0 0 0 297.73836443468713 0.00021830471454256032 0
0.84499999999999986 0.85499999999999987 0.84999999999999987 3.4370629375003849e-19 0 0 0 297.73836443468713 0.00021830471454256027 0
0.85499999999999987 0.86499999999999977 0.85999999999999988 3.4370626101741218e-19 0 0 0 297.73836443468718 0.0002183047145425603 0
0.86499999999999977 0.87499999999999989 0.86999999999999988 3.4370622828343536e-19 0 0 0 297.73836443468713 0.00021830471454256032 0
0.87499999999999989 0.8849999999999999 0.87999999999999989 3.4370619555032675e-19 0 0 0 297.73836443468713 0.00021830471454256027 0
0.8849999999999999 0.8949999999999998 0.8899999999999999 3.4370616281590331e-19 0 0 0 297.73836443468713 0.0002183047145425603 0
0.8949999999999998 0.9049999999999998 0.8999999999999998 3.4370613002699006e-19 0 0 0 297.73836443468707 0.00021830471454256027 0
0.9049999999999998 0.91499999999999992 0.90999999999999992 3.4370609709843115e-19 0 0 0 297.73836443468713 0.00021830471454256027 0
0.91499999999999992 0.92499999999999982 0.91999999999999993 3.4370606436512658e-19 0 0 0 297.73836443468713 0.0002183047145425603 0
0.92499999999999982 0.93499999999999983 0.92999999999999983 3.4370603163141564e-19 0 0 0 297.73836443468707 0.00021830471454256032 0
0.93499999999999983 0.94499999999999984 0.93999999999999984 3.4370599889812416e-19 0 0 0 297.73836443468718 0.00021830471454256024 0
0.94499999999999984 0.95499999999999985 0.94999999999999984 3.4370596616466734e-19 0 0 0 297.73836443468713 0.00021830471454256027 0
0.95499999999999985 0.96499999999999986 0.95999999999999985 3.4370593343148319e-19 0 0 0 297.73836443468713 0.00021830471454256032 0
0.96499999999999986 0.97499999999999976 0.96999999999999975 3.4370590069820245e-19 0 0 0 297.73836443468718 0.0002183047145425603 0
0.97499999999999976 0.98499999999999988 0.97999999999999976 3.4370586796492383e-19 0 0 0 297.73836443468713 0.00021830471454256032 0
0.98499999999999988 0.99499999999999977 0.98999999999999977 3.4370583523177709e-19 0 0 0 297.73836443468713 0.0002183047145425603 0
0.99499999999999977 1.0049999999999999 0.99999999999999978 3.4370580249839066e-19 0 0 0 297.73836443468701 0.00021830471454256032 0
1.0049999999999999 1.0149999999999999 1.0099999999999998 3.4370576976488512e-19 0 0 0 297.73836443468707 0.00021830471454256027 0
1.0149999999999999 1.0249999999999999 1.02 3.4370573703125439e-19 0 0 0 297.73836443468713 0.00021830471454256027 0
1.0249999999999999 1.0349999999999999 1.0299999999999998 3.4370570429764461e-19 0 0 0 297.73836443468707 0.00021830471454256027 0
1.0349999999999999 1.0449999999999999 1.04 3.437056714806436e-19 0 0 0 297.73836443468701 0.00021830471454256032 0
1.0449999999999999 1.0549999999999999 1.0499999999999998 3.437056385802452e-19 0 0 0 297.73836443468713 0.00021830471454256027 0
1.0549999999999999 1.0649999999999997 1.0599999999999998 3.4370560584624546e-19 0 0 0 297.73836443468713 0.0002183047145425603 0
1.0649999999999997 1.075 1.0699999999999998 3.4370557311230485e-19 0 0 0 297.73836443468713 0.0002183047145425603 0
1.075 1.085 1.0800000000000001 3.4370554037826713e-19 0 0 0 297.73836443468713 0.00021830471454256027 0
1.085 1.0949999999999998 1.0899999999999999 3.4370550764417442e-19 0 0 0 297.73836443468713 0.0002183047145425603 0
1.0949999999999998 1.105 1.0999999999999999 3.4370547491014232e-19 0 0 0 297.73836443468718 0.00021830471454256027 0
1.105 1.115 1.1099999999999999 3.4370544217619338e-19 0 0 0 297.73836443468713 0.00021830471454256032 0
1.115 1.1249999999999998 1.1199999999999999 3.4370540944234084e-19 0 0 0 297.73836443468713 0.0002183047145425603 0
1.1249999999999998 1.135 1.1299999999999999 3.4370537670853783e-19 0 0 0 297.73836443468713 0.0002183047145425603 0
1.135 1.145 1.1400000000000001 3.4370534397497369e-19 0 0 0 297.73836443468713 0.00021830471454256027 0
1.145 1.1549999999999998 1.1499999999999999 3.4370531124162343e-19 0 0 0 297.73836443468713 0.0002183047145425603 0
1.1549999999999998 1.165 1.1599999999999999 3.4370527850839878e-19 0 0 0 297.73836443468713 0.0002183047145425603 0
1.165 1.175 1.1699999999999999 3.4370524577542648e-19 0 0 0 297.73836443468713 0.00021830471454256032 0
1.175 1.1849999999999998 1.1799999999999999 3.4370521293168624e-19 0 0 0 297.73836443468713 0.0002183047145425603 0
1.1849999999999998 1.1950000000000001 1.1899999999999999 3.437051800601948e-19 0 0 0 297.73836443468718 0.0002183047145425603 0
1.1950000000000001 1.2049999999999998 1.2 3.4370514732755939e-19 0 0 0 297.73836443468707 0.00021830471454256035 0
1.2049999999999998 1.2149999999999999 1.21 3.4370511459485119e-19 0 0 0 297.73836443468713 0.00021830471454256027 0
1.2149999999999999 1.2249999999999999 1.2199999999999998 3.4370508186203445e-19 0 0 0 297.73836443468707 0.00021830471454256032 0
1.2249999999999999 1.2349999999999999 1.23 3.43705049129027e-19 0 0 0 297.73836443468713 0.00021830471454256027 0
1.2349999999999999 1.2449999999999999 1.2399999999999998 3.4370501639574111e-19 0 0 0 297.73836443468713 0.00021830471454256032 0
1.2449999999999999 1.2549999999999999 1.25 1.7185249635661438e-19 0 0 0 297.73836443468718 0.00010915235727128256 0
