# axial profiles of the pair element_I -> I, bin set native (rhoFixedFlowFoam, axialProfiles.H)
# time 60.000000000027363 directory 60 reason write time
# molarMass 1
# axis (1 0 0) origin (0 0 0)
# nBins 126
# inventory gas 8.7993732039247801e-11 wall 4.7993006873553536e-09 sample 0
# binned gas 8.7993732039247801e-11 wall 4.7993006873553528e-09 sample 0
# outside gas 0 wall 0 sample 0
# observable wall
# fraction 0.001
# significance 1e-13 minimumAmount 4.8872944193946013e-22
# Tdep fromInlet status found T 667.76608474383227 x 0.34283067044888083 peak 1.6195924143751745e-07 xPeak 0.35999999999999993 threshold 1.6195924143751746e-10 searchFrom 0.02
# Tdep fromPeak status found T 667.76608474383227 x 0.34283067044888083 peak 1.6195924143751745e-07 xPeak 0.35999999999999993 threshold 1.6195924143751746e-10
# Tpeak 639.57945571028472 K at x 0.35999999999999993 m; bin maximum of observable
# columns x_lo x_hi x gas wall sample observable Twall wallArea sampleGas
# units m m m mol/m mol/m mol/m mol/m K m2/m mol/m
-0.0050000000000000001 0.0049999999999999984 -8.6736173798840355e-19 8.197174682118772e-39 0 0 0 1124.6398688915374 0.00010478626298042893 0
0.0049999999999999984 0.014999999999999996 0.0099999999999999967 1.3199916192938821e-35 0 0 0 1124.6398688915374 0.00020957252596085787 0
0.014999999999999996 0.024999999999999994 0.019999999999999997 2.005869577466429e-32 0 0 0 1123.2544391464862 0.00020957252596085787 0
0.024999999999999994 0.034999999999999996 0.029999999999999995 2.9862500858370207e-29 0 0 0 1113.8452806712346 0.00020957252596085787 0
0.034999999999999996 0.044999999999999991 0.039999999999999994 4.3160216932728399e-26 0 0 0 1102.0795144579361 0.00020957252596085784 0
0.044999999999999991 0.054999999999999993 0.049999999999999989 6.0300305982094155e-23 0 0 0 1089.8486244352205 0.00020957252596085787 0
0.054999999999999993 0.064999999999999988 0.059999999999999991 8.1238572441831001e-20 0 0 0 1074.1906724507721 0.00020957252596085784 0
0.064999999999999988 0.074999999999999983 0.069999999999999979 1.3873030869616469e-16 0 0 0 1059.5504667350558 0.00020957252596085789 0
0.074999999999999983 0.084999999999999978 0.079999999999999988 1.9253160801964529e-13 0 0 0 1046.3060721296572 0.00020957252596085784 0
0.084999999999999978 0.094999999999999973 0.089999999999999969 3.9982958167663341e-11 0 0 0 1035.0060569162681 0.00020957252596085789 1.7323337187398904e-11
0.094999999999999973 0.10499999999999998 0.099999999999999978 2.1061589065344007e-10 0 0 0 1024.9280498157236 0.00020957252596085789 9.4988747734105442e-11
0.10499999999999998 0.11499999999999998 0.10999999999999999 2.5993636387117492e-10 0 0 0 1015.5970488813163 0.00020957252596085784 0
0.11499999999999998 0.12499999999999997 0.11999999999999997 2.6201412687368969e-10 0 0 0 1007.3373110343156 0.00020957252596085789 0
0.12499999999999997 0.13499999999999998 0.12999999999999998 2.6421767701415235e-10 0 0 0 999.03002119211033 0.00020957252596085787 0
0.13499999999999998 0.14499999999999999 0.13999999999999999 2.6679815684165265e-10 0 0 0 989.43876210669373 0.00020957252596085787 0
0.14499999999999999 0.15499999999999997 0.14999999999999997 2.7003250920523609e-10 0 0 0 977.60522328052082 0.00020957252596085784 0
0.15499999999999997 0.16499999999999995 0.15999999999999998 2.7434090130570065e-10 0 0 0 961.96823749868088 0.00020957252596085789 0
0.16499999999999995 0.17499999999999996 0.16999999999999996 2.7900644970384691e-10 0 0 0 945.81303676018683 0.00020957252596085789 0
0.17499999999999996 0.18499999999999997 0.17999999999999997 2.8434053609206931e-10 0 0 0 927.88530683086788 0.00020957252596085787 0
0.18499999999999997 0.19499999999999995 0.18999999999999995 2.8954893808539326e-10 0 0 0 911.12737020745908 0.00020957252596085784 0
0.19499999999999995 0.20499999999999993 0.19999999999999996 2.9442662882232861e-10 0 0 0 895.99376448214218 0.00020957252596085784 0
0.20499999999999993 0.21499999999999997 0.20999999999999996 2.9872963773865055e-10 0 0 0 883.18557399041993 0.00020957252596085787 0
0.21499999999999997 0.22499999999999998 0.21999999999999997 3.0400799688203347e-10 0 0 0 867.7492476744078 0.00020957252596085787 0
0.22499999999999998 0.23499999999999996 0.22999999999999998 3.094769031691718e-10 0 0 0 852.26543528744105 0.00020957252596085784 0
0.23499999999999996 0.24499999999999994 0.23999999999999994 3.1522195100588748e-10 0 0 0 836.71637584154337 0.00020957252596085784 0
0.24499999999999994 0.25499999999999995 0.24999999999999994 3.2163930740842837e-10 0 0 0 819.9770846136895 0.00020957252596085787 0
0.25499999999999995 0.26499999999999996 0.25999999999999995 3.2811406336174096e-10 0 0 0 803.78205101145534 0.00020957252596085789 0
0.26499999999999996 0.27499999999999997 0.26999999999999996 3.3496172274299792e-10 0 0 0 787.35496838943106 0.00020957252596085787 0
0.27499999999999997 0.28499999999999992 0.27999999999999992 3.4126153861883689e-10 0 0 0 772.89677486063545 0.00020957252596085787 0
0.28499999999999992 0.29499999999999998 0.28999999999999992 3.497802089027577e-10 0 0 0 753.91570057253273 0.00020957252596085787 0
0.29499999999999998 0.30499999999999994 0.29999999999999993 3.5954676783314434e-10 0 0 0 733.33035581515742 0.00020957252596085787 0
0.30499999999999994 0.31499999999999995 0.30999999999999994 3.6638125580083133e-10 0 0 0 719.88793869008452 0.00020957252596085789 0
0.31499999999999995 0.3249999999999999 0.31999999999999995 3.7392969931116439e-10 0 0 0 705.25027951423385 0.00020957252596085787 0
0.3249999999999999 0.33499999999999991 0.3299999999999999 3.8346888209521705e-10 0 0 0 687.54661881238849 0.00020957252596085787 0
0.33499999999999991 0.34499999999999997 0.33999999999999997 3.9229052601929745e-10 0 0 0 672.14468972855252 0.00020957252596085787 0
0.34499999999999997 0.35499999999999993 0.34999999999999998 3.9989849792079103e-10 5.7215859056128862e-10 0 5.7215859056128862e-10 656.67625190156593 0.00020957252596085784 0
0.35499999999999993 0.36499999999999994 0.35999999999999993 3.2262008751748814e-10 1.6195924143751745e-07 0 1.6195924143751745e-07 639.57945571028472 0.00020957252596085789 0
0.36499999999999994 0.37499999999999994 0.36999999999999994 1.6766521552866833e-10 1.5520567913186214e-07 0 1.5520567913186214e-07 623.87813859893333 0.00020957252596085789 0
0.37499999999999994 0.38499999999999995 0.37999999999999995 8.059443926402893e-11 8.8135400073332218e-08 0 8.8135400073332218e-08 607.83756628105982 0.00020957252596085787 0
0.38499999999999995 0.39499999999999991 0.3899999999999999 3.3838923154188801e-11 4.3660684566604368e-08 0 4.3660684566604368e-08 590.1120930698595 0.00020957252596085787 0
0.39499999999999991 0.40499999999999992 0.39999999999999991 1.309592034490007e-11 1.9337575688920696e-08 0 1.9337575688920696e-08 571.86142030093822 0.00020957252596085787 0
0.40499999999999992 0.41499999999999987 0.40999999999999992 5.020047355761287e-12 6.9466814945195648e-09 0 6.9466814945195648e-09 555.47219158016526 0.00020957252596085787 0
0.41499999999999987 0.42499999999999993 0.41999999999999993 1.7287986890760278e-12 2.8846556116221929e-09 0 2.8846556116221929e-09 535.80624769632936 0.00020957252596085784 0
0.42499999999999993 0.43499999999999994 0.42999999999999994 4.8422297332302675e-13 8.9811440329837046e-10 0 8.9811440329837046e-10 515.77301489843046 0.00020957252596085787 0
0.43499999999999994 0.4449999999999999 0.43999999999999995 1.257338168029246e-13 2.4755382965229281e-10 0 2.4755382965229281e-10 496.24387166615992 0.00020957252596085787 0
0.4449999999999999 0.45499999999999996 0.44999999999999996 2.9816608560367923e-14 6.4618416417596105e-11 0 6.4618416417596105e-11 475.5481237480962 0.00020957252596085787 0
0.45499999999999996 0.46499999999999991 0.45999999999999996 5.9894785337768174e-15 1.4390145156367684e-11 0 1.4390145156367684e-11 453.53567660966627 0.00020957252596085787 0
0.46499999999999991 0.47499999999999992 0.46999999999999992 1.0374809633966255e-15 2.7727181473242142e-12 0 2.7727181473242142e-12 429.10790827235917 0.00020957252596085789 0
0.47499999999999992 0.48499999999999988 0.47999999999999987 1.6930096038696333e-16 4.5864135141059399e-13 0 4.5864135141059399e-13 397.12921905025797 0.00020957252596085787 0
0.48499999999999988 0.49499999999999988 0.48999999999999988 2.9442961019445805e-17 6.9577043591564774e-14 0 6.9577043591564774e-14 362.88980224943521 0.00020957252596085787 0
0.49499999999999988 0.50499999999999989 0.49999999999999989 5.6727891890953149e-18 1.1749127012478172e-14 0 1.1749127012478172e-14 338.50390372081199 0.00020957252596085787 0
0.50499999999999989 0.5149999999999999 0.5099999999999999 1.136700390990134e-18 2.1461627291634277e-15 0 2.1461627291634277e-15 323.32817572063806 0.00020957252596085787 0
0.5149999999999999 0.52499999999999991 0.51999999999999991 2.3210809283956871e-19 4.1180754232785426e-16 0 4.1180754232785426e-16 313.54259834341786 0.00020957252596085787 0
0.52499999999999991 0.53499999999999992 0.52999999999999992 4.760132242078802e-20 8.171858939550244e-17 0 8.171858939550244e-17 308.75991469641485 0.00020957252596085789 0
0.53499999999999992 0.54499999999999982 0.53999999999999981 9.7912475673692867e-21 1.6485822080441238e-17 0 1.6485822080441238e-17 305.50353630607628 0.00020957252596085784 0
0.54499999999999982 0.55499999999999994 0.54999999999999982 2.0295319747314298e-21 3.3580206981950495e-18 0 3.3580206981950495e-18 303.07712142877648 0.00020957252596085787 0
0.55499999999999994 0.56499999999999995 0.55999999999999994 4.2359085831718334e-22 6.8894312119088496e-19 0 6.8894312119088496e-19 300.93117632900635 0.00020957252596085787 0
0.56499999999999995 0.57499999999999984 0.56999999999999984 8.9335982381637412e-23 1.4229679010405926e-19 0 1.4229679010405926e-19 299.79276995006546 0.00020957252596085789 0
0.57499999999999984 0.58499999999999996 0.57999999999999985 1.975917396434682e-23 2.9493279472384571e-20 0 2.9493279472384571e-20 298.54290816022012 0.00020957252596085787 0
0.58499999999999996 0.59499999999999997 0.58999999999999997 5.2040675649126056e-24 6.1354753676831378e-21 0 6.1354753676831378e-21 298.0936844391407 0.00020957252596085787 0
0.59499999999999997 0.60499999999999987 0.59999999999999987 2.1341483916635248e-24 1.2861218245303461e-21 0 1.2861218245303461e-21 297.42377004905057 0.00020957252596085784 0
0.60499999999999987 0.61499999999999988 0.60999999999999988 1.4666834035125527e-24 2.9883639840221081e-22 0 2.9883639840221081e-22 296.67367058098358 0.00020957252596085787 0
0.61499999999999988 0.62499999999999989 0.61999999999999988 1.3230545475584744e-24 6.0277111071648696e-23 0 6.0277111071648696e-23 296.65390094145289 0.00020957252596085787 0
0.62499999999999989 0.6349999999999999 0.62999999999999989 1.2707009737311504e-24 2.2407789116148914e-23 0 2.2407789116148914e-23 296.03438617401667 0.00020957252596085787 0
0.6349999999999999 0.64499999999999991 0.6399999999999999 1.2671697249923068e-24 4.5768258502285108e-24 0 4.5768258502285108e-24 296.03438617401662 0.00020957252596085789 0
0.64499999999999991 0.6549999999999998 0.64999999999999991 1.2755899633565313e-24 9.6292735352857067e-25 0 9.6292735352857067e-25 296.03438617401667 0.00020957252596085789 0
0.6549999999999998 0.66499999999999992 0.65999999999999992 1.2860315287865427e-24 2.9761902568597198e-24 0 2.9761902568597198e-24 295.96010806205311 0.00020957252596085787 0
0.66499999999999992 0.67499999999999982 0.66999999999999993 1.2813316041659317e-24 1.1664861451066115e-23 0 1.1664861451066115e-23 295.44009249150065 0.00020957252596085784 0
0.67499999999999982 0.68499999999999983 0.67999999999999983 1.2835060786360287e-24 5.6021059567190521e-24 0 5.6021059567190521e-24 295.51859626350699 0.00020957252596085787 0
0.68499999999999983 0.69499999999999995 0.68999999999999995 1.2959294703110661e-24 1.9221614655978509e-24 0 1.9221614655978509e-24 295.56756058800158 0.00020957252596085787 0
0.69499999999999995 0.70499999999999985 0.69999999999999996 1.3072910753297182e-24 3.5519647229282643e-25 0 3.5519647229282643e-25 295.44614423515139 0.00020957252596085784 0
0.70499999999999985 0.71499999999999986 0.70999999999999985 1.3178456570381181e-24 7.1500081499466203e-25 0 7.1500081499466203e-25 295.15732484114528 0.00020957252596085787 0
0.71499999999999986 0.72499999999999987 0.71999999999999986 1.325760557195855e-24 1.5945183576844031e-25 0 1.5945183576844031e-25 295.08087008343256 0.00020957252596085789 0
0.72499999999999987 0.73499999999999988 0.72999999999999987 1.3310360222595504e-24 3.2968471880241277e-26 0 3.2968471880241277e-26 295.08087008343261 0.00020957252596085787 0
0.73499999999999988 0.74499999999999988 0.73999999999999988 1.3336667018730427e-24 6.8654415872221433e-27 0 6.8654415872221433e-27 295.08087008343256 0.00020957252596085789 0
0.74499999999999988 0.75499999999999989 0.74999999999999989 1.3332863239676253e-24 1.4132339612705608e-27 0 1.4132339612705608e-27 295.08087008343256 0.00020957252596085787 0
0.75499999999999989 0.7649999999999999 0.7599999999999999 1.3294113441556303e-24 2.7592829312313297e-28 0 2.7592829312313297e-28 295.08087008343261 0.00020957252596085787 0
0.7649999999999999 0.77499999999999991 0.76999999999999991 1.3215814568274082e-24 3.9254598703859117e-29 0 3.9254598703859117e-29 295.08087008343261 0.00020957252596085787 0
0.77499999999999991 0.78499999999999981 0.7799999999999998 1.3098777517903611e-24 0 0 0 295.08087008343261 0.00020957252596085789 0
0.78499999999999981 0.79499999999999982 0.78999999999999981 1.2947913308357795e-24 0 0 0 295.08087008343261 0.00020957252596085789 0
0.79499999999999982 0.80499999999999994 0.79999999999999982 1.2773645450532733e-24 0 0 0 295.08087008343267 0.00020957252596085787 0
0.80499999999999994 0.81499999999999984 0.80999999999999983 1.2589745629509381e-24 0 0 0 295.08087008343267 0.00020957252596085784 0
0.81499999999999984 0.82499999999999984 0.81999999999999984 1.2410471033159732e-24 0 0 0 295.08087008343261 0.00020957252596085787 0
0.82499999999999984 0.83499999999999974 0.82999999999999985 1.2247811439109377e-24 0 0 0 295.08087008343261 0.00020957252596085789 0
0.83499999999999974 0.84499999999999986 0.83999999999999986 1.210968811450964e-24 0 0 0 295.08087008343261 0.00020957252596085787 0
0.84499999999999986 0.85499999999999987 0.84999999999999987 1.1999438004458958e-24 0 0 0 295.08087008343256 0.00020957252596085789 0
0.85499999999999987 0.86499999999999977 0.85999999999999988 1.1916416827667589e-24 0 0 0 295.08087008343267 0.00020957252596085784 0
0.86499999999999977 0.87499999999999989 0.86999999999999988 1.1857257429879286e-24 0 0 0 295.08087008343261 0.00020957252596085787 0
0.87499999999999989 0.8849999999999999 0.87999999999999989 1.1817271929964653e-24 0 0 0 295.08087008343261 0.00020957252596085789 0
0.8849999999999999 0.8949999999999998 0.8899999999999999 1.1791618996542235e-24 0 0 0 295.08087008343261 0.00020957252596085789 0
0.8949999999999998 0.9049999999999998 0.8999999999999998 1.1776043838626419e-24 0 0 0 295.08087008343261 0.00020957252596085787 0
0.9049999999999998 0.91499999999999992 0.90999999999999992 1.176726490935907e-24 0 0 0 295.08087008343261 0.00020957252596085787 0
0.91499999999999992 0.92499999999999982 0.91999999999999993 1.1762996206281701e-24 0 0 0 295.08087008343261 0.00020957252596085784 0
0.92499999999999982 0.93499999999999983 0.92999999999999983 1.1761642361668713e-24 0 0 0 295.08087008343256 0.00020957252596085789 0
0.93499999999999983 0.94499999999999984 0.93999999999999984 1.1762279654625118e-24 0 0 0 295.08087008343267 0.00020957252596085787 0
0.94499999999999984 0.95499999999999985 0.94999999999999984 1.176435902016701e-24 0 0 0 295.08087008343261 0.00020957252596085787 0
0.95499999999999985 0.96499999999999986 0.95999999999999985 1.176754890419251e-24 0 0 0 295.08087008343256 0.00020957252596085789 0
0.96499999999999986 0.97499999999999976 0.96999999999999975 1.1771636543526888e-24 0 0 0 295.08087008343267 0.00020957252596085784 0
0.97499999999999976 0.98499999999999988 0.97999999999999976 1.1776479546728415e-24 0 0 0 295.08087008343267 0.00020957252596085787 0
0.98499999999999988 0.99499999999999977 0.98999999999999977 1.1781992592450614e-24 0 0 0 295.08087008343267 0.00020957252596085784 0
0.99499999999999977 1.0049999999999999 0.99999999999999978 1.1788152851156511e-24 0 0 0 295.08087008343261 0.00020957252596085787 0
1.0049999999999999 1.0149999999999999 1.0099999999999998 1.1795009614592308e-24 0 0 0 295.08087008343261 0.00020957252596085787 0
1.0149999999999999 1.0249999999999999 1.02 1.1802686943719884e-24 0 0 0 295.08087008343267 0.00020957252596085787 0
1.0249999999999999 1.0349999999999999 1.0299999999999998 1.1811372139624752e-24 0 0 0 295.08087008343256 0.00020957252596085789 0
1.0349999999999999 1.0449999999999999 1.04 1.1821316006358089e-24 0 0 0 295.08087008343261 0.00020957252596085787 0
1.0449999999999999 1.0549999999999999 1.0499999999999998 1.1832746719215259e-24 0 0 0 295.08087008343261 0.00020957252596085787 0
1.0549999999999999 1.0649999999999997 1.0599999999999998 1.1845718132329134e-24 0 0 0 295.08087008343267 0.00020957252596085784 0
1.0649999999999997 1.075 1.0699999999999998 1.1860302506173775e-24 0 0 0 295.08087008343256 0.00020957252596085789 0
1.075 1.085 1.0800000000000001 1.1876349080191589e-24 0 0 0 295.08087008343267 0.00020957252596085787 0
1.085 1.0949999999999998 1.0899999999999999 1.1893502358746016e-24 0 0 0 295.08087008343261 0.00020957252596085784 0
1.0949999999999998 1.105 1.0999999999999999 1.1911193828044572e-24 0 0 0 295.08087008343261 0.00020957252596085787 0
1.105 1.115 1.1099999999999999 1.192866103050285e-24 0 0 0 295.08087008343261 0.00020957252596085787 0
1.115 1.1249999999999998 1.1199999999999999 1.194499300588241e-24 0 0 0 295.08087008343256 0.00020957252596085789 0
1.1249999999999998 1.135 1.1299999999999999 1.1959196747869274e-24 0 0 0 295.08087008343256 0.00020957252596085787 0
1.135 1.145 1.1400000000000001 1.197027581988286e-24 0 0 0 295.08087008343256 0.00020957252596085789 0
1.145 1.1549999999999998 1.1499999999999999 1.1977310297175835e-24 0 0 0 295.08087008343261 0.00020957252596085789 0
1.1549999999999998 1.165 1.1599999999999999 1.1979527140970545e-24 0 0 0 295.08087008343261 0.00020957252596085787 0
1.165 1.175 1.1699999999999999 1.1976351987877771e-24 0 0 0 295.08087008343261 0.00020957252596085787 0
1.175 1.1849999999999998 1.1799999999999999 1.1967386704970133e-24 0 0 0 295.08087008343256 0.00020957252596085789 0
1.1849999999999998 1.1950000000000001 1.1899999999999999 1.1952487179394527e-24 0 0 0 295.08087008343256 0.00020957252596085787 0
1.1950000000000001 1.2049999999999998 1.2 1.1931861427696959e-24 0 0 0 295.08087008343261 0.00020957252596085789 0
1.2049999999999998 1.2149999999999999 1.21 1.1905739549728813e-24 0 0 0 295.08087008343261 0.00020957252596085787 0
1.2149999999999999 1.2249999999999999 1.2199999999999998 1.1874522992048082e-24 0 0 0 295.08087008343261 0.00020957252596085787 0
1.2249999999999999 1.2349999999999999 1.23 1.1838715386723975e-24 0 0 0 295.08087008343261 0.00020957252596085787 0
1.2349999999999999 1.2449999999999999 1.2399999999999998 1.1799222182901817e-24 0 0 0 295.08087008343261 0.00020957252596085787 0
1.2449999999999999 1.2549999999999999 1.25 5.8859132249795386e-25 0 0 0 295.08087008343261 0.00010478626298043125 0
