# axial profiles of the pair PbI2_g -> PbI2_s, bin set native (rhoFixedFlowFoam, axialProfiles.H)
# time 60.000000000027363 directory 60 reason write time
# molarMass 0.46100893999999998
# axis (1 0 0) origin (0 0 0)
# nBins 126
# inventory gas 4.2509866847808795e-11 wall 2.3995584672812409e-09 sample 0
# binned gas 4.2509866847808795e-11 wall 2.3995584672812409e-09 sample 0
# outside gas 0 wall 0 sample 0
# observable wall
# fraction 0.001
# significance 1e-13 minimumAmount 2.4420683341290497e-22
# Tdep fromInlet status found T 656.66444406683797 x 0.35001147815071865 peak 8.1162925251771123e-08 xPeak 0.36999999999999994 threshold 8.116292525177113e-11 searchFrom 0.02
# Tdep fromPeak status found T 656.66444406683797 x 0.35001147815071865 peak 8.1162925251771123e-08 xPeak 0.36999999999999994 threshold 8.116292525177113e-11
# Tpeak 623.85439753572166 K at x 0.36999999999999994 m; bin maximum of observable
# columns x_lo x_hi x gas wall sample observable Twall wallArea sampleGas
# units m m m mol/m mol/m mol/m mol/m K m2/m mol/m
-0.0050000000000000001 0.0049999999999999984 -8.6736173798840355e-19 1.9261778082939454e-74 0 0 0 1124.6398688915376 0.00010478626298042891 0
0.0049999999999999984 0.014999999999999996 0.0099999999999999967 1.2715393598673184e-66 0 0 0 1124.6398688915374 0.00020957252596085787 0
0.014999999999999996 0.024999999999999994 0.019999999999999997 5.9777252484628413e-59 0 0 0 1123.1207067883565 0.00020957252596085787 0
0.024999999999999994 0.034999999999999996 0.029999999999999995 2.6368229202362844e-51 0 0 0 1113.8033610043362 0.00020957252596085787 0
0.034999999999999996 0.044999999999999991 0.039999999999999994 1.1225440134151727e-43 0 0 0 1102.1303891581679 0.00020957252596085784 0
0.044999999999999991 0.054999999999999993 0.049999999999999989 4.8396484437772414e-36 0 0 0 1089.7075652821554 0.00020957252596085787 0
0.054999999999999993 0.064999999999999988 0.059999999999999991 1.904587198811114e-28 0 0 0 1074.115820348874 0.00020957252596085784 0
0.064999999999999988 0.074999999999999983 0.069999999999999979 6.0849267037262697e-21 0 0 0 1059.5332366906987 0.00020957252596085784 0
0.074999999999999983 0.084999999999999978 0.079999999999999988 5.6021067929164798e-14 0 0 0 1046.4189702212457 0.00020957252596085784 0
0.084999999999999978 0.094999999999999973 0.089999999999999969 2.2094895294548408e-11 0 0 0 1035.0183981033465 0.00020957252596085789 1.1262396292628112e-11
0.094999999999999973 0.10499999999999998 0.099999999999999978 7.8814697426505427e-11 0 0 0 1024.8526685579081 0.00020957252596085787 3.9815335809459231e-11
0.10499999999999998 0.11499999999999998 0.10999999999999999 1.1013663300483325e-10 0 0 0 1015.3206157025921 0.00020957252596085784 1.3312652426539576e-11
0.11499999999999998 0.12499999999999997 0.11999999999999997 1.1290903939460255e-10 0 0 0 1007.1895876278612 0.00020957252596085784 0
0.12499999999999997 0.13499999999999998 0.12999999999999998 1.1560714757253105e-10 0 0 0 999.05349004801667 0.00020957252596085787 0
0.13499999999999998 0.14499999999999999 0.13999999999999999 1.1868843762357528e-10 0 0 0 989.39202814659154 0.00020957252596085787 0
0.14499999999999999 0.15499999999999997 0.14999999999999997 1.2224414591794377e-10 0 0 0 977.7360172312649 0.00020957252596085789 0
0.15499999999999997 0.16499999999999995 0.15999999999999998 1.2666806958944728e-10 0 0 0 962.20475049933873 0.00020957252596085789 0
0.16499999999999995 0.17499999999999996 0.16999999999999996 1.311257243926623e-10 0 0 0 945.65035308001313 0.00020957252596085787 0
0.17499999999999996 0.18499999999999997 0.17999999999999997 1.3558876255615299e-10 0 0 0 928.02117289928481 0.00020957252596085789 0
0.18499999999999997 0.19499999999999995 0.18999999999999995 1.3964926885198582e-10 0 0 0 911.13646125293326 0.00020957252596085789 0
0.19499999999999995 0.20499999999999993 0.19999999999999996 1.4321279496080183e-10 0 0 0 895.74310602090361 0.00020957252596085789 0
0.20499999999999993 0.21499999999999997 0.20999999999999996 1.4612264483934878e-10 0 0 0 882.92887989842916 0.00020957252596085787 0
0.21499999999999997 0.22499999999999998 0.21999999999999997 1.4934501258008754e-10 0 0 0 868.20024346407354 0.00020957252596085787 0
0.22499999999999998 0.23499999999999996 0.22999999999999998 1.530392625025146e-10 0 0 0 850.92636718749975 0.00020957252596085784 0
0.23499999999999996 0.24499999999999994 0.23999999999999994 1.5607281725222394e-10 0 0 0 836.94603516643463 0.00020957252596085789 0
0.24499999999999994 0.25499999999999995 0.24999999999999994 1.5964490909978452e-10 0 0 0 820.3204320750732 0.00020957252596085787 0
0.25499999999999995 0.26499999999999996 0.25999999999999995 1.6324694924596321e-10 0 0 0 803.7994723478007 0.00020957252596085789 0
0.26499999999999996 0.27499999999999997 0.26999999999999996 1.6693872729118385e-10 0 0 0 787.19367476453112 0.00020957252596085787 0
0.27499999999999997 0.28499999999999992 0.27999999999999992 1.7013987610385741e-10 0 0 0 773.20413159994496 0.00020957252596085787 0
0.28499999999999992 0.29499999999999998 0.28999999999999992 1.7454237194614609e-10 0 0 0 754.19199947134416 0.00020957252596085784 0
0.29499999999999998 0.30499999999999994 0.29999999999999993 1.7963097383947806e-10 0 0 0 733.15990151733843 0.00020957252596085787 0
0.30499999999999994 0.31499999999999995 0.30999999999999994 1.8314954722892938e-10 0 0 0 719.51550487447059 0.00020957252596085789 0
0.31499999999999995 0.3249999999999999 0.31999999999999995 1.8683731208151102e-10 0 0 0 705.4300334313582 0.00020957252596085787 0
0.3249999999999999 0.33499999999999991 0.3299999999999999 1.9167195987830272e-10 0 0 0 687.6161999089785 0.00020957252596085789 0
0.33499999999999991 0.34499999999999997 0.33999999999999997 1.9609989971483705e-10 0 0 0 672.2068596131752 0.00020957252596085787 0
0.34499999999999997 0.35499999999999993 0.34999999999999998 1.9978588917073213e-10 0 0 0 656.68394069982355 0.00020957252596085787 0
0.35499999999999993 0.36499999999999994 0.35999999999999993 1.6134042728628248e-10 7.0710802847142982e-08 0 7.0710802847142982e-08 639.69807471547028 0.00020957252596085787 0
0.36499999999999994 0.37499999999999994 0.36999999999999994 8.6009064412254098e-11 8.1162925251771123e-08 0 8.1162925251771123e-08 623.85439753572166 0.00020957252596085789 0
0.37499999999999994 0.38499999999999995 0.37999999999999995 4.2278860991139167e-11 4.6998065418161557e-08 0 4.6998065418161557e-08 608.2388430717026 0.00020957252596085787 0
0.38499999999999995 0.39499999999999991 0.3899999999999999 1.7851018268320658e-11 2.4142065536077739e-08 0 2.4142065536077739e-08 590.61728453789635 0.00020957252596085784 0
0.39499999999999991 0.40499999999999992 0.39999999999999991 6.8487415602266656e-12 1.0607103826726026e-08 0 1.0607103826726026e-08 572.47939947808004 0.00020957252596085789 0
0.40499999999999992 0.41499999999999987 0.40999999999999992 2.5080535734903235e-12 4.1222516469601919e-09 0 4.1222516469601919e-09 555.01453183780018 0.00020957252596085787 0
0.41499999999999987 0.42499999999999993 0.41999999999999993 7.9401321110008577e-13 1.5689171082690647e-09 0 1.5689171082690647e-09 535.17590610472348 0.00020957252596085787 0
0.42499999999999993 0.43499999999999994 0.42999999999999994 2.2167860824355336e-13 4.7384686266824161e-10 0 4.7384686266824161e-10 515.43654936471057 0.00020957252596085787 0
0.43499999999999994 0.4449999999999999 0.43999999999999995 5.5599772096273873e-14 1.293032216132099e-10 0 1.293032216132099e-10 495.85680315019977 0.00020957252596085787 0
0.4449999999999999 0.45499999999999996 0.44999999999999996 1.2705034208906451e-14 3.2200577124530968e-11 0 3.2200577124530968e-11 475.85053695296784 0.00020957252596085787 0
0.45499999999999996 0.46499999999999991 0.45999999999999996 2.3654127703807703e-15 6.9591805808208415e-12 0 6.9591805808208415e-12 453.85621664769423 0.00020957252596085787 0
0.46499999999999991 0.47499999999999992 0.46999999999999992 3.2827297435116483e-16 1.2257240958804789e-12 0 1.2257240958804789e-12 428.87019811182444 0.00020957252596085787 0
0.47499999999999992 0.48499999999999988 0.47999999999999987 3.4684335650792885e-17 1.620692601561369e-13 0 1.620692601561369e-13 400.01148569609506 0.00020957252596085787 0
0.48499999999999988 0.49499999999999988 0.48999999999999988 3.0105917792256104e-18 1.6134399029301661e-14 0 1.6134399029301661e-14 361.65744714990848 0.00020957252596085787 0
0.49499999999999988 0.50499999999999989 0.49999999999999989 2.3103630959578769e-19 1.2310887512742331e-15 0 1.2310887512742331e-15 337.67393123731352 0.00020957252596085787 0
0.50499999999999989 0.5149999999999999 0.5099999999999999 1.6163084908254676e-20 8.6169053825712701e-17 0 8.6169053825712701e-17 323.34562088879602 0.00020957252596085789 0
0.5149999999999999 0.52499999999999991 0.51999999999999991 1.0608092086626082e-21 5.6389996998604673e-18 0 5.6389996998604673e-18 313.92292768548879 0.00020957252596085787 0
0.52499999999999991 0.53499999999999992 0.52999999999999992 6.7821485372271714e-23 3.5308929770052982e-19 0 3.5308929770052982e-19 308.76125381342445 0.00020957252596085787 0
0.53499999999999992 0.54499999999999982 0.53999999999999981 4.990849686084698e-24 2.1791732496898556e-20 0 2.1791732496898556e-20 305.57857912421821 0.00020957252596085784 0
0.54499999999999982 0.55499999999999994 0.54999999999999982 8.0525219478553685e-25 1.4673278912615443e-21 0 1.4673278912615443e-21 303.10832468244269 0.00020957252596085787 0
0.55499999999999994 0.56499999999999995 0.55999999999999994 3.6456323504094425e-25 1.8188564093686495e-22 0 1.8188564093686495e-22 300.95307308283412 0.00020957252596085787 0
0.56499999999999995 0.57499999999999984 0.56999999999999984 2.6352004604728338e-25 5.4396045698305487e-23 0 5.4396045698305487e-23 299.69969337017807 0.00020957252596085784 0
0.57499999999999984 0.58499999999999996 0.57999999999999985 2.005494384724627e-25 2.9039424912821385e-23 0 2.9039424912821385e-23 298.53703354663867 0.00020957252596085787 0
0.58499999999999996 0.59499999999999997 0.58999999999999997 1.7583806440397748e-25 9.6904470625566124e-24 0 9.6904470625566124e-24 298.01283423931858 0.00020957252596085787 0
0.59499999999999997 0.60499999999999987 0.59999999999999987 1.5099585382806471e-25 1.2665343197811569e-23 0 1.2665343197811569e-23 297.59112309397904 0.00020957252596085784 0
0.60499999999999987 0.61499999999999988 0.60999999999999988 1.3113306039518423e-25 1.4940382523447745e-23 0 1.4940382523447745e-23 296.67727189819914 0.00020957252596085787 0
0.61499999999999988 0.62499999999999989 0.61999999999999988 1.1808118644134311e-25 5.0225598509731259e-24 0 5.0225598509731259e-24 296.52403439509277 0.00020957252596085787 0
0.62499999999999989 0.6349999999999999 0.62999999999999989 1.1226118386278553e-25 1.7236029036900623e-24 0 1.7236029036900623e-24 296.03123984444846 0.00020957252596085787 0
0.6349999999999999 0.64499999999999991 0.6399999999999999 1.1204911278452922e-25 1.1185332534665114e-26 0 1.1185332534665114e-26 296.03438617401656 0.00020957252596085789 0
0.64499999999999991 0.6549999999999998 0.64999999999999991 1.1200011915951121e-25 0 0 0 296.03438617401662 0.00020957252596085789 0
0.6549999999999998 0.66499999999999992 0.65999999999999992 1.1046791059955868e-25 6.6711979433614903e-25 0 6.6711979433614903e-25 295.99948253972593 0.00020957252596085787 0
0.66499999999999992 0.67499999999999982 0.66999999999999993 1.0052473945998998e-25 6.1026381345764676e-24 0 6.1026381345764676e-24 295.50385187305903 0.00020957252596085784 0
0.67499999999999982 0.68499999999999983 0.67999999999999983 9.2107493332098651e-26 3.7621429895094889e-24 0 3.7621429895094889e-24 295.42697633872871 0.00020957252596085787 0
0.68499999999999983 0.69499999999999995 0.68999999999999995 9.1495250120099859e-26 5.6471387096538699e-25 0 5.6471387096538699e-25 295.43432656471163 0.00020957252596085787 0
0.69499999999999995 0.70499999999999985 0.69999999999999996 9.0545456308611252e-26 3.7303285514934844e-25 0 3.7303285514934844e-25 295.3604981459934 0.00020957252596085784 0
0.70499999999999985 0.71499999999999986 0.70999999999999985 9.0475416057303261e-26 1.05246776583634e-25 0 1.05246776583634e-25 295.13838407859754 0.00020957252596085789 0
0.71499999999999986 0.72499999999999987 0.71999999999999986 9.0425854801952529e-26 1.5404939222427781e-26 0 1.5404939222427781e-26 295.08087008343261 0.00020957252596085789 0
0.72499999999999987 0.73499999999999988 0.72999999999999987 9.0423490388814371e-26 8.3458088786150024e-28 0 8.3458088786150024e-28 295.08087008343261 0.00020957252596085787 0
0.73499999999999988 0.74499999999999988 0.73999999999999988 9.0423342781833077e-26 3.6816022464866801e-29 0 3.6816022464866801e-29 295.08087008343261 0.00020957252596085787 0
0.74499999999999988 0.75499999999999989 0.74999999999999989 9.0423319950084607e-26 0 0 0 295.08087008343261 0.00020957252596085787 0
0.75499999999999989 0.7649999999999999 0.7599999999999999 9.0423297805333849e-26 0 0 0 295.08087008343261 0.00020957252596085787 0
0.7649999999999999 0.77499999999999991 0.76999999999999991 9.0423275625903297e-26 0 0 0 295.08087008343261 0.00020957252596085787 0
0.77499999999999991 0.78499999999999981 0.7799999999999998 9.0423253446096209e-26 0 0 0 295.08087008343261 0.00020957252596085789 0
0.78499999999999981 0.79499999999999982 0.78999999999999981 9.0423231266282807e-26 0 0 0 295.08087008343261 0.00020957252596085789 0
0.79499999999999982 0.80499999999999994 0.79999999999999982 9.0423209086457707e-26 0 0 0 295.08087008343261 0.00020957252596085787 0
0.80499999999999994 0.81499999999999984 0.80999999999999983 9.0423186906650067e-26 0 0 0 295.08087008343261 0.00020957252596085784 0
0.81499999999999984 0.82499999999999984 0.81999999999999984 9.0423164726835575e-26 0 0 0 295.08087008343261 0.00020957252596085789 0
0.82499999999999984 0.83499999999999974 0.82999999999999985 9.042314250468276e-26 0 0 0 295.08087008343261 0.00020957252596085789 0
0.83499999999999974 0.84499999999999986 0.83999999999999986 9.0423120113219029e-26 0 0 0 295.08087008343267 0.00020957252596085787 0
0.84499999999999986 0.85499999999999987 0.84999999999999987 9.0423097933401322e-26 0 0 0 295.08087008343256 0.00020957252596085787 0
0.85499999999999987 0.86499999999999977 0.85999999999999988 9.0423075753581285e-26 0 0 0 295.08087008343267 0.00020957252596085784 0
0.86499999999999977 0.87499999999999989 0.86999999999999988 9.0423053573752006e-26 0 0 0 295.08087008343267 0.00020957252596085787 0
0.87499999999999989 0.8849999999999999 0.87999999999999989 9.0423031393894443e-26 0 0 0 295.08087008343261 0.00020957252596085787 0
0.8849999999999999 0.8949999999999998 0.8899999999999999 9.0423009214012428e-26 0 0 0 295.08087008343261 0.00020957252596085789 0
0.8949999999999998 0.9049999999999998 0.8999999999999998 9.0422987034103287e-26 0 0 0 295.08087008343261 0.00020957252596085789 0
0.9049999999999998 0.91499999999999992 0.90999999999999992 9.0422964854193952e-26 0 0 0 295.08087008343267 0.00020957252596085787 0
0.91499999999999992 0.92499999999999982 0.91999999999999993 9.0422942674290551e-26 0 0 0 295.08087008343261 0.00020957252596085784 0
0.92499999999999982 0.93499999999999983 0.92999999999999983 9.0422920494399835e-26 0 0 0 295.08087008343267 0.00020957252596085787 0
0.93499999999999983 0.94499999999999984 0.93999999999999984 9.0422898314547678e-26 0 0 0 295.08087008343256 0.00020957252596085789 0
0.94499999999999984 0.95499999999999985 0.94999999999999984 9.0422876134718641e-26 0 0 0 295.08087008343261 0.00020957252596085789 0
0.95499999999999985 0.96499999999999986 0.95999999999999985 9.0422853954903907e-26 0 0 0 295.08087008343261 0.00020957252596085787 0
0.96499999999999986 0.97499999999999976 0.96999999999999975 9.0422831775081207e-26 0 0 0 295.08087008343267 0.00020957252596085784 0
0.97499999999999976 0.98499999999999988 0.97999999999999976 9.0422809595260859e-26 0 0 0 295.08087008343267 0.00020957252596085787 0
0.98499999999999988 0.99499999999999977 0.98999999999999977 9.0422787415443692e-26 0 0 0 295.08087008343267 0.00020957252596085784 0
0.99499999999999977 1.0049999999999999 0.99999999999999978 9.0422765235602842e-26 0 0 0 295.08087008343267 0.00020957252596085789 0
1.0049999999999999 1.0149999999999999 1.0099999999999998 9.0422743055749676e-26 0 0 0 295.08087008343261 0.00020957252596085789 0
1.0149999999999999 1.0249999999999999 1.02 9.0422720875905463e-26 0 0 0 295.08087008343261 0.00020957252596085789 0
1.0249999999999999 1.0349999999999999 1.0299999999999998 9.0422698696066679e-26 0 0 0 295.08087008343267 0.00020957252596085781 0
1.0349999999999999 1.0449999999999999 1.04 9.0422676431577885e-26 0 0 0 295.08087008343261 0.00020957252596085787 0
1.0449999999999999 1.0549999999999999 1.0499999999999998 9.0422654082412768e-26 0 0 0 295.08087008343261 0.00020957252596085787 0
1.0549999999999999 1.0649999999999997 1.0599999999999998 9.0422631902548592e-26 0 0 0 295.08087008343261 0.00020957252596085789 0
1.0649999999999997 1.075 1.0699999999999998 9.0422609722673672e-26 0 0 0 295.08087008343256 0.00020957252596085789 0
1.075 1.085 1.0800000000000001 9.0422587542795985e-26 0 0 0 295.08087008343267 0.00020957252596085787 0
1.085 1.0949999999999998 1.0899999999999999 9.0422565362906394e-26 0 0 0 295.08087008343261 0.00020957252596085784 0
1.0949999999999998 1.105 1.0999999999999999 9.0422543183005622e-26 0 0 0 295.08087008343261 0.00020957252596085789 0
1.105 1.115 1.1099999999999999 9.0422521003101555e-26 0 0 0 295.08087008343261 0.00020957252596085789 0
1.115 1.1249999999999998 1.1199999999999999 9.0422498823214799e-26 0 0 0 295.08087008343261 0.00020957252596085789 0
1.1249999999999998 1.135 1.1299999999999999 9.0422476643362309e-26 0 0 0 295.08087008343267 0.00020957252596085789 0
1.135 1.145 1.1400000000000001 9.0422454463511255e-26 0 0 0 295.08087008343261 0.00020957252596085787 0
1.145 1.1549999999999998 1.1499999999999999 9.0422432283655069e-26 0 0 0 295.08087008343267 0.00020957252596085784 0
1.1549999999999998 1.165 1.1599999999999999 9.0422410103781606e-26 0 0 0 295.08087008343256 0.00020957252596085787 0
1.165 1.175 1.1699999999999999 9.042238792389415e-26 0 0 0 295.08087008343261 0.00020957252596085789 0
1.175 1.1849999999999998 1.1799999999999999 9.0422365744014408e-26 0 0 0 295.08087008343261 0.00020957252596085784 0
1.1849999999999998 1.1950000000000001 1.1899999999999999 9.0422343564130167e-26 0 0 0 295.08087008343261 0.00020957252596085787 0
1.1950000000000001 1.2049999999999998 1.2 9.0422321384251343e-26 0 0 0 295.08087008343261 0.00020957252596085784 0
1.2049999999999998 1.2149999999999999 1.21 9.0422299204370201e-26 0 0 0 295.08087008343267 0.00020957252596085787 0
1.2149999999999999 1.2249999999999999 1.2199999999999998 9.0422277024473229e-26 0 0 0 295.08087008343261 0.00020957252596085789 0
1.2249999999999999 1.2349999999999999 1.23 9.0422254844582352e-26 0 0 0 295.08087008343261 0.00020957252596085789 0
1.2349999999999999 1.2449999999999999 1.2399999999999998 9.042223266470238e-26 0 0 0 295.08087008343261 0.00020957252596085789 0
1.2449999999999999 1.2549999999999999 1.25 4.5211108014909158e-26 0 0 0 295.08087008343261 0.00010478626298043125 0
