# axial profiles of the pair BiI3_g -> BiI3_s, bin set native (rhoFixedFlowFoam, axialProfiles.H)
# time 60.000000000027363 directory 60 reason write time
# molarMass 0.58969380999999998
# axis (1 0 0) origin (0 0 0)
# nBins 126
# inventory gas 2.6106643947704732e-14 wall 8.5188039052196206e-12 sample 0
# binned gas 2.6106643947704732e-14 wall 8.5188039052196206e-12 sample 0
# outside gas 0 wall 0 sample 0
# observable wall
# fraction 0.001
# significance 1e-13 minimumAmount 8.544910549167324e-25
# Tdep fromInlet status found T 449.24068515117818 x 0.5800099999999998 peak 5.9581608216671641e-10 xPeak 0.58999999999999997 threshold 5.9581608216671639e-13 searchFrom 0.02
# Tdep fromPeak status found T 449.24068515117818 x 0.5800099999999998 peak 5.9581608216671641e-10 xPeak 0.58999999999999997 threshold 5.9581608216671639e-13
# Tpeak 423.05669821181027 K at x 0.58999999999999997 m; bin maximum of observable
# columns x_lo x_hi x gas wall sample observable Twall wallArea sampleGas
# units m m m mol/m mol/m mol/m mol/m K m2/m mol/m
-0.0050000000000000001 0.0049999999999999984 -8.6736173798840355e-19 7.3735429881784634e-100 0 0 0 1073.1731026476107 0.00010915235727128012 0
0.0049999999999999984 0.014999999999999996 0.0099999999999999967 8.6347940414718711e-91 0 0 0 1057.4367648442055 0.00021830471454256024 0
0.014999999999999996 0.024999999999999994 0.019999999999999997 3.0518170435519917e-82 0 0 0 1056.1107811980387 0.00021830471454256024 0
0.024999999999999994 0.034999999999999996 0.029999999999999995 6.3233942239063822e-74 0 0 0 1066.7595185649491 0.00021830471454256027 0
0.034999999999999996 0.044999999999999991 0.039999999999999994 1.150948173793552e-65 0 0 0 1083.5836615103754 0.0002183047145425603 0
0.044999999999999991 0.054999999999999993 0.049999999999999989 3.5297445095466374e-57 0 0 0 1099.8816559260626 0.00021830471454256027 0
0.054999999999999993 0.064999999999999988 0.059999999999999991 1.5512123094506062e-48 0 0 0 1112.5392961054588 0.0002183047145425603 0
0.064999999999999988 0.074999999999999983 0.069999999999999979 2.6714619221476623e-38 0 0 0 1119.8049608669673 0.0002183047145425603 0
0.074999999999999983 0.084999999999999978 0.079999999999999988 4.2316568118326876e-29 0 0 0 1122.6597581769308 0.00021830471454256032 0
0.084999999999999978 0.094999999999999973 0.089999999999999969 1.1959818433373023e-22 0 0 0 1123.0831511975584 0.0002183047145425603 0
0.094999999999999973 0.10499999999999998 0.099999999999999978 3.9553109986136679e-21 0 0 0 1118.9418638614864 0.00021830471454256027 0
0.10499999999999998 0.11499999999999998 0.10999999999999999 7.3064583953597809e-21 0 0 0 1112.2943229572102 0.00021830471454256032 0
0.11499999999999998 0.12499999999999997 0.11999999999999997 9.6099223855950441e-21 0 0 0 1100.8945396746078 0.00021830471454256032 0
0.12499999999999997 0.13499999999999998 0.12999999999999998 1.3395307004499726e-20 0 0 0 1086.4609394305116 0.00021830471454256032 0
0.13499999999999998 0.14499999999999999 0.13999999999999999 1.7679848644423155e-20 0 0 0 1073.5701054659976 0.00021830471454256027 0
0.14499999999999999 0.15499999999999997 0.14999999999999997 2.3151818243793746e-20 0 0 0 1060.0678780623391 0.00021830471454256035 0
0.15499999999999997 0.16499999999999995 0.15999999999999998 2.9666883627071264e-20 0 0 0 1046.3368653014015 0.0002183047145425603 0
0.16499999999999995 0.17499999999999996 0.16999999999999996 3.5347512802823892e-20 0 0 0 1035.8711855024569 0.00021830471454256032 0
0.17499999999999996 0.18499999999999997 0.17999999999999997 4.1045997066340886e-20 0 0 0 1026.3277379840929 0.00021830471454256032 0
0.18499999999999997 0.19499999999999995 0.18999999999999995 4.655206176232517e-20 0 0 0 1017.7507326744926 0.0002183047145425603 0
0.19499999999999995 0.20499999999999993 0.19999999999999996 5.2253249181370643e-20 0 0 0 1009.3110911460606 0.0002183047145425603 0
0.20499999999999993 0.21499999999999997 0.20999999999999996 5.802129615937221e-20 0 0 0 1001.1883707904777 0.00021830471454256035 0
0.21499999999999997 0.22499999999999998 0.21999999999999997 6.3757750346349184e-20 0 0 0 993.49333931062733 0.00021830471454256032 0
0.22499999999999998 0.23499999999999996 0.22999999999999998 7.0294573352594261e-20 0 0 0 984.99909081857049 0.0002183047145425603 0
0.23499999999999996 0.24499999999999994 0.23999999999999994 7.8863357463643274e-20 0 0 0 974.12389267948879 0.0002183047145425603 0
0.24499999999999994 0.25499999999999995 0.24999999999999994 8.9028118005450465e-20 0 0 0 961.64481446913862 0.00021830471454256038 0
0.25499999999999995 0.26499999999999996 0.25999999999999995 1.0206176950098682e-19 0 0 0 945.6781556088323 0.00021830471454256032 0
0.26499999999999996 0.27499999999999997 0.26999999999999996 1.1474504960505487e-19 0 0 0 929.42978806729514 0.00021830471454256027 0
0.27499999999999997 0.28499999999999992 0.27999999999999992 1.2585976367191506e-19 0 0 0 912.8769272069419 0.0002183047145425603 0
0.28499999999999992 0.29499999999999998 0.28999999999999992 1.3307011608752001e-19 0 0 0 898.24437609120184 0.0002183047145425603 0
0.29499999999999998 0.30499999999999994 0.29999999999999993 1.3615551531682037e-19 0 0 0 885.06263469584655 0.0002183047145425603 0
0.30499999999999994 0.31499999999999995 0.30999999999999994 1.3525804706729058e-19 0 0 0 872.49326501088274 0.00021830471454256027 0
0.31499999999999995 0.3249999999999999 0.31999999999999995 1.2824529532379969e-19 0 0 0 857.16304464916107 0.0002183047145425603 0
0.3249999999999999 0.33499999999999991 0.3299999999999999 1.1614357286611743e-19 0 0 0 843.11908199579 0.00021830471454256027 0
0.33499999999999991 0.34499999999999997 0.33999999999999997 1.0138969017168123e-19 0 0 0 830.4371087207569 0.00021830471454256035 0
0.34499999999999997 0.35499999999999993 0.34999999999999998 8.4890062750690106e-20 0 0 0 817.84230612718432 0.0002183047145425603 0
0.35499999999999993 0.36499999999999994 0.35999999999999993 6.596162080310039e-20 0 0 0 803.31075755410131 0.00021830471454256027 0
0.36499999999999994 0.37499999999999994 0.36999999999999994 4.7879531836442993e-20 0 0 0 787.33643385312348 0.00021830471454256032 0
0.37499999999999994 0.38499999999999995 0.37999999999999995 4.0641687286931075e-20 0 0 0 771.56208727956789 0.00021830471454256027 0
0.38499999999999995 0.39499999999999991 0.3899999999999999 4.7843219370210133e-20 0 0 0 755.98095370428678 0.0002183047145425603 0
0.39499999999999991 0.40499999999999992 0.39999999999999991 5.9844100843421306e-20 0 0 0 740.33559197081968 0.00021830471454256027 0
0.40499999999999992 0.41499999999999987 0.40999999999999992 7.6087551117729344e-20 0 0 0 725.96024751347932 0.00021830471454256027 0
0.41499999999999987 0.42499999999999993 0.41999999999999993 9.5503474573655984e-20 0 0 0 711.03238152403765 0.00021830471454256035 0
0.42499999999999993 0.43499999999999994 0.42999999999999994 1.1960588451653378e-19 0 0 0 697.18924098809168 0.00021830471454256027 0
0.43499999999999994 0.4449999999999999 0.43999999999999995 1.4408971731692264e-19 0 0 0 681.53457963276855 0.0002183047145425603 0
0.4449999999999999 0.45499999999999996 0.44999999999999996 1.7953003064427945e-19 0 0 0 666.97529694060654 0.0002183047145425603 0
0.45499999999999996 0.46499999999999991 0.45999999999999996 2.2226480258062079e-19 0 0 0 654.13342826179985 0.0002183047145425603 0
0.46499999999999991 0.47499999999999992 0.46999999999999992 2.6093969590580519e-19 0 0 0 640.37740142842222 0.00021830471454256032 0
0.47499999999999992 0.48499999999999988 0.47999999999999987 3.3180469624175607e-19 0 0 0 626.05343407211922 0.0002183047145425603 0
0.48499999999999988 0.49499999999999988 0.48999999999999988 1.8574516244640059e-18 0 0 0 611.17978574509596 0.00021830471454256027 0
0.49499999999999988 0.50499999999999989 0.49999999999999989 5.7787316136162141e-18 0 0 0 595.19478629092805 0.00021830471454256027 0
0.50499999999999989 0.5149999999999999 0.5099999999999999 8.9197060702739628e-17 0 0 0 577.86174580224224 0.00021830471454256027 0
0.5149999999999999 0.52499999999999991 0.51999999999999991 1.4739740428693079e-16 0 0 0 559.24717967204379 0.00021830471454256027 0
0.52499999999999991 0.53499999999999992 0.52999999999999992 4.5668285587784642e-16 0 0 0 542.60735583472501 0.00021830471454256027 0
0.53499999999999992 0.54499999999999982 0.53999999999999981 1.6416847612094796e-15 0 0 0 524.31087500385649 0.0002183047145425603 0
0.54499999999999982 0.55499999999999994 0.54999999999999982 1.0594542295215857e-14 0 0 0 506.80540941901802 0.00021830471454256032 0
0.55499999999999994 0.56499999999999995 0.55999999999999994 7.611031776118277e-14 0 0 0 488.69697175942855 0.00021830471454256027 0
0.56499999999999995 0.57499999999999984 0.56999999999999984 4.3685051935767624e-13 0 0 0 469.49369662673962 0.00021830471454256032 0
0.57499999999999984 0.58499999999999996 0.57999999999999985 1.1803165222010021e-12 0 0 0 449.26689534831468 0.00021830471454256027 0
0.58499999999999996 0.59499999999999997 0.58999999999999997 8.1517573887669272e-13 5.9581608216671641e-10 0 5.9581608216671641e-10 423.05669821181027 0.00021830471454256027 0
0.59499999999999997 0.60499999999999987 0.59999999999999987 8.5955637074382418e-14 2.4122027576127692e-10 0 2.4122027576127692e-10 389.43827312828745 0.00021830471454256032 0
0.60499999999999987 0.61499999999999988 0.60999999999999988 3.1879587112401533e-15 1.4381826183958918e-11 0 1.4381826183958918e-11 357.35739012722507 0.00021830471454256027 0
0.61499999999999988 0.62499999999999989 0.61999999999999988 1.0983258949171912e-16 4.4572227277140266e-13 0 4.4572227277140266e-13 333.49892256775837 0.00021830471454256027 0
0.62499999999999989 0.6349999999999999 0.62999999999999989 7.2514121461569716e-18 1.4167040139909018e-14 0 1.4167040139909018e-14 320.50168852141104 0.00021830471454256027 0
0.6349999999999999 0.64499999999999991 0.6399999999999999 1.573410050333904e-18 1.7677791494595049e-15 0 1.7677791494595049e-15 311.86792615059125 0.00021830471454256032 0
0.64499999999999991 0.6549999999999998 0.64999999999999991 6.3149527068812923e-19 3.3102811435472777e-16 0 3.3102811435472777e-16 307.04975303903825 0.0002183047145425603 0
0.6549999999999998 0.66499999999999992 0.65999999999999992 4.2895671276413658e-19 8.5804301402173338e-17 0 8.5804301402173338e-17 305.03702769492173 0.00021830471454256032 0
0.66499999999999992 0.67499999999999982 0.66999999999999993 3.328266621511119e-19 3.8557396192258825e-17 0 3.8557396192258825e-17 303.51411933586024 0.0002183047145425603 0
0.67499999999999982 0.68499999999999983 0.67999999999999983 2.5913211224747837e-19 3.2759035941868498e-17 0 3.2759035941868498e-17 302.04151420654239 0.00021830471454256027 0
0.68499999999999983 0.69499999999999995 0.68999999999999995 2.0639295924324344e-19 1.8364361827658588e-17 0 1.8364361827658588e-17 300.88890967665759 0.00021830471454256032 0
0.69499999999999995 0.70499999999999985 0.69999999999999996 1.7070335293781242e-19 1.7584127724093933e-17 0 1.7584127724093933e-17 299.69233712020326 0.0002183047145425603 0
0.70499999999999985 0.71499999999999986 0.70999999999999985 1.3501549065311572e-19 1.9614202485178053e-17 0 1.9614202485178053e-17 298.34904704574126 0.00021830471454256032 0
0.71499999999999986 0.72499999999999987 0.71999999999999986 1.2062530044543545e-19 4.0879538725390853e-18 0 4.0879538725390853e-18 297.97445464463658 0.00021830471454256027 0
0.72499999999999987 0.73499999999999988 0.72999999999999987 1.1928247029432768e-19 1.7961626948663564e-19 0 1.7961626948663564e-19 297.97380118511376 0.00021830471454256027 0
0.73499999999999988 0.74499999999999988 0.73999999999999988 1.1889045184946903e-19 5.2709608505965227e-20 0 5.2709608505965227e-20 297.73836443468713 0.00021830471454256027 0
0.74499999999999988 0.75499999999999989 0.74999999999999989 1.1689571723577085e-19 1.2861312257243177e-18 0 1.2861312257243177e-18 297.68926074285491 0.00021830471454256027 0
0.75499999999999989 0.7649999999999999 0.7599999999999999 1.1621733346682499e-19 0 0 0 297.73836443468718 0.00021830471454256027 0
0.7649999999999999 0.77499999999999991 0.76999999999999991 1.1621713577226241e-19 0 0 0 297.73836443468713 0.00021830471454256027 0
0.77499999999999991 0.78499999999999981 0.7799999999999998 1.1621712352104274e-19 0 0 0 297.73836443468707 0.00021830471454256032 0
0.78499999999999981 0.79499999999999982 0.78999999999999981 1.1621711244800884e-19 0 0 0 297.73836443468707 0.00021830471454256027 0
0.79499999999999982 0.80499999999999994 0.79999999999999982 1.1621710138059433e-19 0 0 0 297.73836443468713 0.00021830471454256032 0
0.80499999999999994 0.81499999999999984 0.80999999999999983 1.1621709031245487e-19 0 0 0 297.73836443468718 0.0002183047145425603 0
0.81499999999999984 0.82499999999999984 0.81999999999999984 1.1621707924474951e-19 0 0 0 297.73836443468707 0.00021830471454256027 0
0.82499999999999984 0.83499999999999974 0.82999999999999985 1.1621706817686025e-19 0 0 0 297.73836443468713 0.0002183047145425603 0
0.83499999999999974 0.84499999999999986 0.83999999999999986 1.1621705710907394e-19 0 0 0 297.73836443468713 0.00021830471454256032 0
0.84499999999999986 0.85499999999999987 0.84999999999999987 1.1621704604137335e-19 0 0 0 297.73836443468713 0.00021830471454256027 0
0.85499999999999987 0.86499999999999977 0.85999999999999988 1.1621703497362059e-19 0 0 0 297.73836443468718 0.0002183047145425603 0
0.86499999999999977 0.87499999999999989 0.86999999999999988 1.1621702390594894e-19 0 0 0 297.73836443468713 0.00021830471454256032 0
0.87499999999999989 0.8849999999999999 0.87999999999999989 1.1621701283815732e-19 0 0 0 297.73836443468713 0.00021830471454256027 0
0.8849999999999999 0.8949999999999998 0.8899999999999999 1.1621700177047703e-19 0 0 0 297.73836443468713 0.0002183047145425603 0
0.8949999999999998 0.9049999999999998 0.8999999999999998 1.1621699068391232e-19 0 0 0 297.73836443468707 0.00021830471454256027 0
0.9049999999999998 0.91499999999999992 0.90999999999999992 1.1621697955053386e-19 0 0 0 297.73836443468713 0.00021830471454256027 0
0.91499999999999992 0.92499999999999982 0.91999999999999993 1.1621696848281112e-19 0 0 0 297.73836443468713 0.0002183047145425603 0
0.92499999999999982 0.93499999999999983 0.92999999999999983 1.1621695741515788e-19 0 0 0 297.73836443468707 0.00021830471454256032 0
0.93499999999999983 0.94499999999999984 0.93999999999999984 1.1621694634745828e-19 0 0 0 297.73836443468718 0.00021830471454256024 0
0.94499999999999984 0.95499999999999985 0.94999999999999984 1.1621693527979496e-19 0 0 0 297.73836443468713 0.00021830471454256027 0
0.95499999999999985 0.96499999999999986 0.95999999999999985 1.1621692421210624e-19 0 0 0 297.73836443468713 0.00021830471454256032 0
0.96499999999999986 0.97499999999999976 0.96999999999999975 1.1621691314442484e-19 0 0 0 297.73836443468718 0.0002183047145425603 0
0.97499999999999976 0.98499999999999988 0.97999999999999976 1.16216902076745e-19 0 0 0 297.73836443468713 0.00021830471454256032 0
0.98499999999999988 0.99499999999999977 0.98999999999999977 1.1621689100909006e-19 0 0 0 297.73836443468713 0.0002183047145425603 0
0.99499999999999977 1.0049999999999999 0.99999999999999978 1.1621687994144717e-19 0 0 0 297.73836443468701 0.00021830471454256032 0
1.0049999999999999 1.0149999999999999 1.0099999999999998 1.1621686887382169e-19 0 0 0 297.73836443468707 0.00021830471454256027 0
1.0149999999999999 1.0249999999999999 1.02 1.1621685780620907e-19 0 0 0 297.73836443468713 0.00021830471454256027 0
1.0249999999999999 1.0349999999999999 1.0299999999999998 1.16216846738558e-19 0 0 0 297.73836443468707 0.00021830471454256027 0
1.0349999999999999 1.0449999999999999 1.04 1.16216835642743e-19 0 0 0 297.73836443468701 0.00021830471454256032 0
1.0449999999999999 1.0549999999999999 1.0499999999999998 1.1621682451875906e-19 0 0 0 297.73836443468713 0.00021830471454256027 0
1.0549999999999999 1.0649999999999997 1.0599999999999998 1.1621681345105293e-19 0 0 0 297.73836443468713 0.0002183047145425603 0
1.0649999999999997 1.075 1.0699999999999998 1.1621680238332437e-19 0 0 0 297.73836443468713 0.0002183047145425603 0
1.075 1.085 1.0800000000000001 1.16216791315613e-19 0 0 0 297.73836443468713 0.00021830471454256027 0
1.085 1.0949999999999998 1.0899999999999999 1.1621678024791132e-19 0 0 0 297.73836443468713 0.0002183047145425603 0
1.0949999999999998 1.105 1.0999999999999999 1.1621676918020036e-19 0 0 0 297.73836443468718 0.00021830471454256027 0
1.105 1.115 1.1099999999999999 1.1621675811248504e-19 0 0 0 297.73836443468713 0.00021830471454256032 0
1.115 1.1249999999999998 1.1199999999999999 1.1621674704474971e-19 0 0 0 297.73836443468713 0.0002183047145425603 0
1.1249999999999998 1.135 1.1299999999999999 1.1621673597698995e-19 0 0 0 297.73836443468713 0.0002183047145425603 0
1.135 1.145 1.1400000000000001 1.1621672490922337e-19 0 0 0 297.73836443468713 0.00021830471454256027 0
1.145 1.1549999999999998 1.1499999999999999 1.1621671384148137e-19 0 0 0 297.73836443468713 0.0002183047145425603 0
1.1549999999999998 1.165 1.1599999999999999 1.1621670277370719e-19 0 0 0 297.73836443468713 0.0002183047145425603 0
1.165 1.175 1.1699999999999999 1.1621669170589841e-19 0 0 0 297.73836443468713 0.00021830471454256032 0
1.175 1.1849999999999998 1.1799999999999999 1.1621668060053915e-19 0 0 0 297.73836443468713 0.0002183047145425603 0
1.1849999999999998 1.1950000000000001 1.1899999999999999 1.1621666948577858e-19 0 0 0 297.73836443468718 0.0002183047145425603 0
1.1950000000000001 1.2049999999999998 1.2 1.1621665841791292e-19 0 0 0 297.73836443468707 0.00021830471454256035 0
1.2049999999999998 1.2149999999999999 1.21 1.1621664735004942e-19 0 0 0 297.73836443468713 0.00021830471454256027 0
1.2149999999999999 1.2249999999999999 1.2199999999999998 1.1621663628220376e-19 0 0 0 297.73836443468707 0.00021830471454256032 0
1.2249999999999999 1.2349999999999999 1.23 1.1621662521439363e-19 0 0 0 297.73836443468713 0.00021830471454256027 0
1.2349999999999999 1.2449999999999999 1.2399999999999998 1.1621661414659032e-19 0 0 0 297.73836443468713 0.00021830471454256032 0
1.2449999999999999 1.2549999999999999 1.25 5.8108303069559325e-20 0 0 0 297.73836443468718 0.00010915235727128256 0
