# axial profiles of the pair element_I -> I, bin set native (rhoFixedFlowFoam, axialProfiles.H)
# time 60.000000000027363 directory 60 reason write time
# molarMass 1
# axis (1 0 0) origin (0 0 0)
# nBins 126
# inventory gas 8.0805984572989198e-12 wall 1.0662906820820264e-10 sample 0
# binned gas 8.0805984572989198e-12 wall 1.0662906820820264e-10 sample 0
# outside gas 0 wall 0 sample 0
# observable wall
# fraction 0.001
# significance 1e-13 minimumAmount 1.1470966666550156e-23
# Tdep fromInlet status found T 595.17745325043938 x 0.50000999999999984 peak 3.2483290716948983e-09 xPeak 0.5099999999999999 threshold 3.2483290716948985e-12 searchFrom 0.02
# Tdep fromPeak status found T 595.17745325043938 x 0.50000999999999984 peak 3.2483290716948983e-09 xPeak 0.5099999999999999 threshold 3.2483290716948985e-12
# Tpeak 577.86174580224224 K at x 0.5099999999999999 m; bin maximum of observable
# columns x_lo x_hi x gas wall sample observable Twall wallArea sampleGas
# units m m m mol/m mol/m mol/m mol/m K m2/m mol/m
-0.0050000000000000001 0.0049999999999999984 -8.6736173798840355e-19 1.8421641564187657e-32 0 0 0 1073.1731026476107 0.00010915235727128012 0
0.0049999999999999984 0.014999999999999996 0.0099999999999999967 3.5100419777130809e-30 0 0 0 1057.4367648442055 0.00021830471454256024 0
0.014999999999999996 0.024999999999999994 0.019999999999999997 5.3942736749162984e-28 0 0 0 1056.1107811980387 0.00021830471454256024 0
0.024999999999999994 0.034999999999999996 0.029999999999999995 8.3016717191904886e-26 0 0 0 1066.7595185649491 0.00021830471454256027 0
0.034999999999999996 0.044999999999999991 0.039999999999999994 1.3088138078223493e-23 0 0 0 1083.5836615103754 0.0002183047145425603 0
0.044999999999999991 0.054999999999999993 0.049999999999999989 2.1404196934635116e-21 0 0 0 1099.8816559260626 0.00021830471454256027 0
0.054999999999999993 0.064999999999999988 0.059999999999999991 3.5988328353808704e-19 0 0 0 1112.5392961054588 0.0002183047145425603 0
0.064999999999999988 0.074999999999999983 0.069999999999999979 7.0121550094152371e-17 0 0 0 1119.8049608669673 0.0002183047145425603 0
0.074999999999999983 0.084999999999999978 0.079999999999999988 1.4569302793161643e-14 0 0 0 1122.6597581769308 0.00021830471454256032 0
0.084999999999999978 0.094999999999999973 0.089999999999999969 2.0319413409360803e-12 0 0 0 1123.0831511975584 0.0002183047145425603 0
0.094999999999999973 0.10499999999999998 0.099999999999999978 1.08609077654717e-11 0 0 0 1118.9418638614864 0.00021830471454256027 0
0.10499999999999998 0.11499999999999998 0.10999999999999999 1.3425936062564827e-11 0 0 0 1112.2943229572102 0.00021830471454256032 0
0.11499999999999998 0.12499999999999997 0.11999999999999997 1.3563483800883578e-11 0 0 0 1100.8945396746078 0.00021830471454256032 0
0.12499999999999997 0.13499999999999998 0.12999999999999998 1.3742177076799249e-11 0 0 0 1086.4609394305116 0.00021830471454256032 0
0.13499999999999998 0.14499999999999999 0.13999999999999999 1.3907894332293478e-11 0 0 0 1073.5701054659976 0.00021830471454256027 0
0.14499999999999999 0.15499999999999997 0.14999999999999997 1.4085460788844053e-11 0 0 0 1060.0678780623391 0.00021830471454256035 0
0.15499999999999997 0.16499999999999995 0.15999999999999998 1.4269995183516576e-11 0 0 0 1046.3368653014015 0.0002183047145425603 0
0.16499999999999995 0.17499999999999996 0.16999999999999996 1.4414002654524877e-11 0 0 0 1035.8711855024569 0.00021830471454256032 0
0.17499999999999996 0.18499999999999997 0.17999999999999997 1.4548160089878434e-11 0 0 0 1026.3277379840929 0.00021830471454256032 0
0.18499999999999997 0.19499999999999995 0.18999999999999995 1.4671454690769904e-11 0 0 0 1017.7507326744926 0.0002183047145425603 0
0.19499999999999995 0.20499999999999993 0.19999999999999996 1.4793780406824023e-11 0 0 0 1009.3110911460606 0.0002183047145425603 0
0.20499999999999993 0.21499999999999997 0.20999999999999996 1.4913409022098618e-11 0 0 0 1001.1883707904777 0.00021830471454256035 0
0.21499999999999997 0.22499999999999998 0.21999999999999997 1.5029496332340945e-11 0 0 0 993.49333931062733 0.00021830471454256032 0
0.22499999999999998 0.23499999999999996 0.22999999999999998 1.5159365609123041e-11 0 0 0 984.99909081857049 0.0002183047145425603 0
0.23499999999999996 0.24499999999999994 0.23999999999999994 1.5327288837104323e-11 0 0 0 974.12389267948879 0.0002183047145425603 0
0.24499999999999994 0.25499999999999995 0.24999999999999994 1.5526487301090436e-11 0 0 0 961.64481446913862 0.00021830471454256038 0
0.25499999999999995 0.26499999999999996 0.25999999999999995 1.5788865999554821e-11 0 0 0 945.6781556088323 0.00021830471454256032 0
0.26499999999999996 0.27499999999999997 0.26999999999999996 1.6064485500653045e-11 0 0 0 929.42978806729514 0.00021830471454256027 0
0.27499999999999997 0.28499999999999992 0.27999999999999992 1.635432061335919e-11 0 0 0 912.8769272069419 0.0002183047145425603 0
0.28499999999999992 0.29499999999999998 0.28999999999999992 1.6621054841805364e-11 0 0 0 898.24437609120184 0.0002183047145425603 0
0.29499999999999998 0.30499999999999994 0.29999999999999993 1.6869014451477917e-11 0 0 0 885.06263469584655 0.0002183047145425603 0
0.30499999999999994 0.31499999999999995 0.30999999999999994 1.7113458231329978e-11 0 0 0 872.49326501088274 0.00021830471454256027 0
0.31499999999999995 0.3249999999999999 0.31999999999999995 1.7418156673590112e-11 0 0 0 857.16304464916107 0.0002183047145425603 0
0.3249999999999999 0.33499999999999991 0.3299999999999999 1.7707449703368022e-11 0 0 0 843.11908199579 0.00021830471454256027 0
0.33499999999999991 0.34499999999999997 0.33999999999999997 1.7977676134111767e-11 0 0 0 830.4371087207569 0.00021830471454256035 0
0.34499999999999997 0.35499999999999993 0.34999999999999998 1.8256257369903242e-11 0 0 0 817.84230612718432 0.0002183047145425603 0
0.35499999999999993 0.36499999999999994 0.35999999999999993 1.8587125879662801e-11 0 0 0 803.31075755410131 0.00021830471454256027 0
0.36499999999999994 0.37499999999999994 0.36999999999999994 1.8962259759367726e-11 0 0 0 787.33643385312348 0.00021830471454256032 0
0.37499999999999994 0.38499999999999995 0.37999999999999995 1.9348533016063466e-11 0 0 0 771.56208727956789 0.00021830471454256027 0
0.38499999999999995 0.39499999999999991 0.3899999999999999 1.9747537469410134e-11 0 0 0 755.98095370428678 0.0002183047145425603 0
0.39499999999999991 0.40499999999999992 0.39999999999999991 2.0165102247017104e-11 0 0 0 740.33559197081968 0.00021830471454256027 0
0.40499999999999992 0.41499999999999987 0.40999999999999992 2.0566907710795154e-11 0 0 0 725.96024751347932 0.00021830471454256027 0
0.41499999999999987 0.42499999999999993 0.41999999999999993 2.0997126086196363e-11 0 0 0 711.03238152403765 0.00021830471454256035 0
0.42499999999999993 0.43499999999999994 0.42999999999999994 2.1414103503368716e-11 0 0 0 697.18924098809168 0.00021830471454256027 0
0.43499999999999994 0.4449999999999999 0.43999999999999995 2.1902851187507299e-11 0 0 0 681.53457963276855 0.0002183047145425603 0
0.4449999999999999 0.45499999999999996 0.44999999999999996 2.2382552224999739e-11 0 0 0 666.97529694060654 0.0002183047145425603 0
0.45499999999999996 0.46499999999999991 0.45999999999999996 2.2824007995173972e-11 0 0 0 654.13342826179985 0.0002183047145425603 0
0.46499999999999991 0.47499999999999992 0.46999999999999992 2.3314024947833659e-11 0 0 0 640.37740142842222 0.00021830471454256032 0
0.47499999999999992 0.48499999999999988 0.47999999999999987 2.3844526124781647e-11 0 0 0 626.05343407211922 0.0002183047145425603 0
0.48499999999999988 0.49499999999999988 0.48999999999999988 2.4420858605615519e-11 0 0 0 611.17978574509596 0.00021830471454256027 0
0.49499999999999988 0.50499999999999989 0.49999999999999989 2.4945630209598781e-11 0 0 0 595.19478629092805 0.00021830471454256027 0
0.50499999999999989 0.5149999999999999 0.5099999999999999 2.1073670914651331e-11 3.2483290716948983e-09 0 3.2483290716948983e-09 577.86174580224224 0.00021830471454256027 0
0.5149999999999999 0.52499999999999991 0.51999999999999991 1.2383710359771497e-11 3.1019084834564358e-09 0 3.1019084834564358e-09 559.24717967204379 0.00021830471454256027 0
0.52499999999999991 0.53499999999999992 0.52999999999999992 8.7617091252720012e-12 1.0692331036214559e-09 0 1.0692331036214559e-09 542.60735583472501 0.00021830471454256027 0
0.53499999999999992 0.54499999999999982 0.53999999999999981 7.5691640513784593e-12 4.8329250962933634e-10 0 4.8329250962933634e-10 524.31087500385649 0.0002183047145425603 0
0.54499999999999982 0.55499999999999994 0.54999999999999982 7.3588142781678762e-12 1.4979122576701714e-10 0 1.4979122576701714e-10 506.80540941901802 0.00021830471454256032 0
0.55499999999999994 0.56499999999999995 0.55999999999999994 7.4860525898178016e-12 4.161037262342025e-11 0 4.161037262342025e-11 488.69697175942855 0.00021830471454256027 0
0.56499999999999995 0.57499999999999984 0.56999999999999984 7.7470608113708839e-12 1.0626934869826523e-11 0 1.0626934869826523e-11 469.49369662673962 0.00021830471454256032 0
0.57499999999999984 0.58499999999999996 0.57999999999999985 7.6719058006006989e-12 2.1042190918684583e-12 0 2.1042190918684583e-12 449.26689534831468 0.00021830471454256027 0
0.58499999999999996 0.59499999999999997 0.58999999999999997 3.7095099695158725e-12 1.7877904550300365e-09 0 1.7877904550300365e-09 423.05669821181027 0.00021830471454256027 0
0.59499999999999997 0.60499999999999987 0.59999999999999987 4.0089755541872634e-13 7.2368752344486451e-10 0 7.2368752344486451e-10 389.43827312828745 0.00021830471454256032 0
0.60499999999999987 0.61499999999999988 0.60999999999999988 1.685288053080034e-14 4.3146289380913348e-11 0 4.3146289380913348e-11 357.35739012722507 0.00021830471454256027 0
0.61499999999999988 0.62499999999999989 0.61999999999999988 6.2007961047570046e-16 1.3371796070164674e-12 0 1.3371796070164674e-12 333.49892256775837 0.00021830471454256027 0
0.62499999999999989 0.6349999999999999 0.62999999999999989 4.3487230551067689e-17 4.2501302107907855e-14 0 4.2501302107907855e-14 320.50168852141104 0.00021830471454256027 0
0.6349999999999999 0.64499999999999991 0.6399999999999999 9.7060085648761923e-18 5.3033457286371778e-15 0 5.3033457286371778e-15 311.86792615059125 0.00021830471454256032 0
0.64499999999999991 0.6549999999999998 0.64999999999999991 4.0546746338095371e-18 9.9308533457677098e-16 0 9.9308533457677098e-16 307.04975303903825 0.0002183047145425603 0
0.6549999999999998 0.66499999999999992 0.65999999999999992 2.7816090140261408e-18 2.5741312169790606e-16 0 2.5741312169790606e-16 305.03702769492173 0.00021830471454256032 0
0.66499999999999992 0.67499999999999982 0.66999999999999993 2.1717650488123343e-18 1.1567227849502369e-16 0 1.1567227849502369e-16 303.51411933586024 0.0002183047145425603 0
0.67499999999999982 0.68499999999999983 0.67999999999999983 1.7060291576140852e-18 9.8277179169547125e-17 0 9.8277179169547125e-17 302.04151420654239 0.00021830471454256027 0
0.68499999999999983 0.69499999999999995 0.68999999999999995 1.371315257197899e-18 5.5093123067969588e-17 0 5.5093123067969588e-17 300.88890967665759 0.00021830471454256032 0
0.69499999999999995 0.70499999999999985 0.69999999999999996 1.1440347454448452e-18 5.2752417527415243e-17 0 5.2752417527415243e-17 299.69233712020326 0.0002183047145425603 0
0.70499999999999985 0.71499999999999986 0.70999999999999985 9.1490895385349468e-19 5.8842643640367492e-17 0 5.8842643640367492e-17 298.34904704574126 0.00021830471454256032 0
0.71499999999999986 0.72499999999999987 0.71999999999999986 8.2008454522106152e-19 1.2263868481724291e-17 0 1.2263868481724291e-17 297.97445464463658 0.00021830471454256027 0
0.72499999999999987 0.73499999999999988 0.72999999999999987 8.1129806715713006e-19 5.3884906492422426e-19 0 5.3884906492422426e-19 297.97380118511376 0.00021830471454256027 0
0.73499999999999988 0.74499999999999988 0.73999999999999988 8.084058902873141e-19 1.5812889287216083e-19 0 1.5812889287216083e-19 297.73836443468713 0.00021830471454256027 0
0.74499999999999988 0.75499999999999989 0.74999999999999989 7.9549797551143188e-19 3.8583959428833958e-18 0 3.8583959428833958e-18 297.68926074285491 0.00021830471454256027 0
0.75499999999999989 0.7649999999999999 0.7599999999999999 7.9137553150873149e-19 0 0 0 297.73836443468718 0.00021830471454256027 0
0.7649999999999999 0.77499999999999991 0.76999999999999991 7.9137412623457377e-19 0 0 0 297.73836443468713 0.00021830471454256027 0
0.77499999999999991 0.78499999999999981 0.7799999999999998 7.9137404276610715e-19 0 0 0 297.73836443468707 0.00021830471454256032 0
0.78499999999999981 0.79499999999999982 0.78999999999999981 7.9137396735988248e-19 0 0 0 297.73836443468707 0.00021830471454256027 0
0.79499999999999982 0.80499999999999994 0.79999999999999982 7.913738919927797e-19 0 0 0 297.73836443468713 0.00021830471454256032 0
0.80499999999999994 0.81499999999999984 0.80999999999999983 7.9137381662131026e-19 0 0 0 297.73836443468718 0.0002183047145425603 0
0.81499999999999984 0.82499999999999984 0.81999999999999984 7.9137374125341611e-19 0 0 0 297.73836443468707 0.00021830471454256027 0
0.82499999999999984 0.83499999999999974 0.82999999999999985 7.9137366588530405e-19 0 0 0 297.73836443468713 0.0002183047145425603 0
0.83499999999999974 0.84499999999999986 0.83999999999999986 7.9137359051946805e-19 0 0 0 297.73836443468713 0.00021830471454256032 0
0.84499999999999986 0.85499999999999987 0.84999999999999987 7.9137351515611621e-19 0 0 0 297.73836443468713 0.00021830471454256027 0
0.85499999999999987 0.86499999999999977 0.85999999999999988 7.9137343979416587e-19 0 0 0 297.73836443468718 0.0002183047145425603 0
0.86499999999999977 0.87499999999999989 0.86999999999999988 7.9137336443408407e-19 0 0 0 297.73836443468713 0.00021830471454256032 0
0.87499999999999989 0.8849999999999999 0.87999999999999989 7.9137328907367727e-19 0 0 0 297.73836443468713 0.00021830471454256027 0
0.8849999999999999 0.8949999999999998 0.8899999999999999 7.9137321371340586e-19 0 0 0 297.73836443468713 0.0002183047145425603 0
0.8949999999999998 0.9049999999999998 0.8999999999999998 7.913731382229983e-19 0 0 0 297.73836443468707 0.00021830471454256027 0
0.9049999999999998 0.91499999999999992 0.90999999999999992 7.9137306241150115e-19 0 0 0 297.73836443468713 0.00021830471454256027 0
0.91499999999999992 0.92499999999999982 0.91999999999999993 7.9137298704445711e-19 0 0 0 297.73836443468713 0.0002183047145425603 0
0.92499999999999982 0.93499999999999983 0.92999999999999983 7.9137291167512863e-19 0 0 0 297.73836443468707 0.00021830471454256032 0
0.93499999999999983 0.94499999999999984 0.93999999999999984 7.9137283630301824e-19 0 0 0 297.73836443468718 0.00021830471454256024 0
0.94499999999999984 0.95499999999999985 0.94999999999999984 7.9137276092920388e-19 0 0 0 297.73836443468713 0.00021830471454256027 0
0.95499999999999985 0.96499999999999986 0.95999999999999985 7.9137268555398196e-19 0 0 0 297.73836443468713 0.00021830471454256032 0
0.96499999999999986 0.97499999999999976 0.96999999999999975 7.913726101783761e-19 0 0 0 297.73836443468718 0.0002183047145425603 0
0.97499999999999976 0.98499999999999988 0.97999999999999976 7.9137253480322159e-19 0 0 0 297.73836443468713 0.00021830471454256032 0
0.98499999999999988 0.99499999999999977 0.98999999999999977 7.9137245942944431e-19 0 0 0 297.73836443468713 0.0002183047145425603 0
0.99499999999999977 1.0049999999999999 0.99999999999999978 7.9137238405753007e-19 0 0 0 297.73836443468701 0.00021830471454256032 0
1.0049999999999999 1.0149999999999999 1.0099999999999998 7.9137230868798059e-19 0 0 0 297.73836443468707 0.00021830471454256027 0
1.0149999999999999 1.0249999999999999 1.02 7.9137223332096178e-19 0 0 0 297.73836443468713 0.00021830471454256027 0
1.0249999999999999 1.0349999999999999 1.0299999999999998 7.9137215795613324e-19 0 0 0 297.73836443468707 0.00021830471454256027 0
1.0349999999999999 1.0449999999999999 1.04 7.9137208240168562e-19 0 0 0 297.73836443468701 0.00021830471454256032 0
1.0449999999999999 1.0549999999999999 1.0499999999999998 7.9137200665713062e-19 0 0 0 297.73836443468713 0.00021830471454256027 0
1.0549999999999999 1.0649999999999997 1.0599999999999998 7.9137193129692132e-19 0 0 0 297.73836443468713 0.0002183047145425603 0
1.0649999999999997 1.075 1.0699999999999998 7.9137185593710366e-19 0 0 0 297.73836443468713 0.0002183047145425603 0
1.075 1.085 1.0800000000000001 7.9137178057736275e-19 0 0 0 297.73836443468713 0.00021830471454256027 0
1.085 1.0949999999999998 1.0899999999999999 7.9137170521716885e-19 0 0 0 297.73836443468713 0.0002183047145425603 0
1.0949999999999998 1.105 1.0999999999999999 7.9137162985606342e-19 0 0 0 297.73836443468718 0.00021830471454256027 0
1.105 1.115 1.1099999999999999 7.9137155449383969e-19 0 0 0 297.73836443468713 0.00021830471454256032 0
1.115 1.1249999999999998 1.1199999999999999 7.9137147913035381e-19 0 0 0 297.73836443468713 0.0002183047145425603 0
1.1249999999999998 1.135 1.1299999999999999 7.9137140376572296e-19 0 0 0 297.73836443468713 0.0002183047145425603 0
1.135 1.145 1.1400000000000001 7.9137132840017277e-19 0 0 0 297.73836443468713 0.00021830471454256027 0
1.145 1.1549999999999998 1.1499999999999999 7.9137125303413243e-19 0 0 0 297.73836443468713 0.0002183047145425603 0
1.1549999999999998 1.165 1.1599999999999999 7.9137117766752413e-19 0 0 0 297.73836443468713 0.0002183047145425603 0
1.165 1.175 1.1699999999999999 7.9137110230059401e-19 0 0 0 297.73836443468713 0.00021830471454256032 0
1.175 1.1849999999999998 1.1799999999999999 7.9137102667817686e-19 0 0 0 297.73836443468713 0.0002183047145425603 0
1.1849999999999998 1.1950000000000001 1.1899999999999999 7.9137095099215607e-19 0 0 0 297.73836443468718 0.0002183047145425603 0
1.1950000000000001 1.2049999999999998 1.2 7.9137087562598881e-19 0 0 0 297.73836443468707 0.00021830471454256035 0
1.2049999999999998 1.2149999999999999 1.21 7.9137080026045461e-19 0 0 0 297.73836443468713 0.00021830471454256027 0
1.2149999999999999 1.2249999999999999 1.2199999999999998 7.9137072489568913e-19 0 0 0 297.73836443468707 0.00021830471454256032 0
1.2249999999999999 1.2349999999999999 1.23 7.91370649531825e-19 0 0 0 297.73836443468713 0.00021830471454256027 0
1.2349999999999999 1.2449999999999999 1.2399999999999998 7.9137057416846083e-19 0 0 0 297.73836443468713 0.00021830471454256032 0
1.2449999999999999 1.2549999999999999 1.25 3.9568525982174767e-19 0 0 0 297.73836443468718 0.00010915235727128256 0
