# axial profiles of the pair PbI2_g -> PbI2_s, bin set native (rhoFixedFlowFoam, axialProfiles.H)
# time 60.000000000027363 directory 60 reason write time
# molarMass 0.46100893999999998
# axis (1 0 0) origin (0 0 0)
# nBins 126
# inventory gas 2.191000567840254e-12 wall 4.0536328246271898e-11 sample 0
# binned gas 2.191000567840254e-12 wall 4.0536328246271898e-11 sample 0
# outside gas 0 wall 0 sample 0
# observable wall
# fraction 0.001
# significance 1e-13 minimumAmount 4.2727328814112151e-24
# Tdep fromInlet status found T 595.17745325043938 x 0.50000999999999984 peak 1.6241645358474492e-09 xPeak 0.5099999999999999 threshold 1.6241645358474493e-12 searchFrom 0.02
# Tdep fromPeak status found T 595.17745325043938 x 0.50000999999999984 peak 1.6241645358474492e-09 xPeak 0.5099999999999999 threshold 1.6241645358474493e-12
# Tpeak 577.86174580224224 K at x 0.5099999999999999 m; bin maximum of observable
# columns x_lo x_hi x gas wall sample observable Twall wallArea sampleGas
# units m m m mol/m mol/m mol/m mol/m K m2/m mol/m
-0.0050000000000000001 0.0049999999999999984 -8.6736173798840355e-19 2.6074579615312633e-73 0 0 0 1073.1731026476107 0.00010915235727128012 0
0.0049999999999999984 0.014999999999999996 0.0099999999999999967 1.7498257045116452e-66 0 0 0 1057.4367648442055 0.00021830471454256024 0
0.014999999999999996 0.024999999999999994 0.019999999999999997 4.6090893762033769e-60 0 0 0 1056.1107811980387 0.00021830471454256024 0
0.024999999999999994 0.034999999999999996 0.029999999999999995 7.9778387720569065e-54 0 0 0 1066.7595185649491 0.00021830471454256027 0
0.034999999999999996 0.044999999999999991 0.039999999999999994 1.2417432763421269e-47 0 0 0 1083.5836615103754 0.0002183047145425603 0
0.044999999999999991 0.054999999999999993 0.049999999999999989 2.8752333532368481e-41 0 0 0 1099.8816559260626 0.00021830471454256027 0
0.054999999999999993 0.064999999999999988 0.059999999999999991 8.7616014172761128e-35 0 0 0 1112.5392961054588 0.0002183047145425603 0
0.064999999999999988 0.074999999999999983 0.069999999999999979 2.0936368177901405e-27 0 0 0 1119.8049608669673 0.0002183047145425603 0
0.074999999999999983 0.084999999999999978 0.079999999999999988 2.1284805563374444e-20 0 0 0 1122.6597581769308 0.00021830471454256032 0
0.084999999999999978 0.094999999999999973 0.089999999999999969 5.9030466706176412e-15 0 0 0 1123.0831511975584 0.0002183047145425603 0
0.094999999999999973 0.10499999999999998 0.099999999999999978 1.5392443394979562e-13 0 0 0 1118.9418638614864 0.00021830471454256027 0
0.10499999999999998 0.11499999999999998 0.10999999999999999 2.8214620285880924e-13 0 0 0 1112.2943229572102 0.00021830471454256032 0
0.11499999999999998 0.12499999999999997 0.11999999999999997 3.8963961962951354e-13 0 0 0 1100.8945396746078 0.00021830471454256032 0
0.12499999999999997 0.13499999999999998 0.12999999999999998 5.7494018899860719e-13 0 0 0 1086.4609394305116 0.00021830471454256032 0
0.13499999999999998 0.14499999999999999 0.13999999999999999 7.9123648742243582e-13 0 0 0 1073.5701054659976 0.00021830471454256027 0
0.14499999999999999 0.15499999999999997 0.14999999999999997 1.0716122025283769e-12 0 0 0 1060.0678780623391 0.00021830471454256035 0
0.15499999999999997 0.16499999999999995 0.15999999999999998 1.4048406140247734e-12 0 0 0 1046.3368653014015 0.0002183047145425603 0
0.16499999999999995 0.17499999999999996 0.16999999999999996 1.6904083778187176e-12 0 0 0 1035.8711855024569 0.00021830471454256032 0
0.17499999999999996 0.18499999999999997 0.17999999999999997 1.9693037656401733e-12 0 0 0 1026.3277379840929 0.00021830471454256032 0
0.18499999999999997 0.19499999999999995 0.18999999999999995 2.2310644091275629e-12 0 0 0 1017.7507326744926 0.0002183047145425603 0
0.19499999999999995 0.20499999999999993 0.19999999999999996 2.4926080119137174e-12 0 0 0 1009.3110911460606 0.0002183047145425603 0
0.20499999999999993 0.21499999999999997 0.20999999999999996 2.7466773991817284e-12 0 0 0 1001.1883707904777 0.00021830471454256035 0
0.21499999999999997 0.22499999999999998 0.21999999999999997 2.9891359000031645e-12 0 0 0 993.49333931062733 0.00021830471454256032 0
0.22499999999999998 0.23499999999999996 0.22999999999999998 3.2534933194269878e-12 0 0 0 984.99909081857049 0.0002183047145425603 0
0.23499999999999996 0.24499999999999994 0.23999999999999994 3.5805595379919366e-12 0 0 0 974.12389267948879 0.0002183047145425603 0
0.24499999999999994 0.25499999999999995 0.24999999999999994 3.9429896583048983e-12 0 0 0 961.64481446913862 0.00021830471454256038 0
0.25499999999999995 0.26499999999999996 0.25999999999999995 4.3783625542500566e-12 0 0 0 945.6781556088323 0.00021830471454256032 0
0.26499999999999996 0.27499999999999997 0.26999999999999996 4.7837081814525873e-12 0 0 0 929.42978806729514 0.00021830471454256027 0
0.27499999999999997 0.28499999999999992 0.27999999999999992 5.1519316503337601e-12 0 0 0 912.8769272069419 0.0002183047145425603 0
0.28499999999999992 0.29499999999999998 0.28999999999999992 5.4457157725681624e-12 0 0 0 898.24437609120184 0.0002183047145425603 0
0.29499999999999998 0.30499999999999994 0.29999999999999993 5.6838506532242093e-12 0 0 0 885.06263469584655 0.0002183047145425603 0
0.30499999999999994 0.31499999999999995 0.30999999999999994 5.8910096364597066e-12 0 0 0 872.49326501088274 0.00021830471454256027 0
0.31499999999999995 0.3249999999999999 0.31999999999999995 6.1160771244261655e-12 0 0 0 857.16304464916107 0.0002183047145425603 0
0.3249999999999999 0.33499999999999991 0.3299999999999999 6.3017399385573437e-12 0 0 0 843.11908199579 0.00021830471454256027 0
0.33499999999999991 0.34499999999999997 0.33999999999999997 6.4545216952872302e-12 0 0 0 830.4371087207569 0.00021830471454256035 0
0.34499999999999997 0.35499999999999993 0.34999999999999998 6.5966179662342809e-12 0 0 0 817.84230612718432 0.0002183047145425603 0
0.35499999999999993 0.36499999999999994 0.35999999999999993 6.750815233108281e-12 0 0 0 803.31075755410131 0.00021830471454256027 0
0.36499999999999994 0.37499999999999994 0.36999999999999994 6.9131245837019838e-12 0 0 0 787.33643385312348 0.00021830471454256032 0
0.37499999999999994 0.38499999999999995 0.37999999999999995 7.0910847634703091e-12 0 0 0 771.56208727956789 0.00021830471454256027 0
0.38499999999999995 0.39499999999999991 0.3899999999999999 7.2963741267405705e-12 0 0 0 755.98095370428678 0.0002183047145425603 0
0.39499999999999991 0.40499999999999992 0.39999999999999991 7.5005359082009763e-12 0 0 0 740.33559197081968 0.00021830471454256027 0
0.40499999999999992 0.41499999999999987 0.40999999999999992 7.6863334095018523e-12 0 0 0 725.96024751347932 0.00021830471454256027 0
0.41499999999999987 0.42499999999999993 0.41999999999999993 7.8739411941328206e-12 0 0 0 711.03238152403765 0.00021830471454256035 0
0.42499999999999993 0.43499999999999994 0.42999999999999994 8.0490467987068821e-12 0 0 0 697.18924098809168 0.00021830471454256027 0
0.43499999999999994 0.4449999999999999 0.43999999999999995 8.2469267535844858e-12 0 0 0 681.53457963276855 0.0002183047145425603 0
0.4449999999999999 0.45499999999999996 0.44999999999999996 8.437820400650323e-12 0 0 0 666.97529694060654 0.0002183047145425603 0
0.45499999999999996 0.46499999999999991 0.45999999999999996 8.6109551717862364e-12 0 0 0 654.13342826179985 0.0002183047145425603 0
0.46499999999999991 0.47499999999999992 0.46999999999999992 8.8006541639547381e-12 0 0 0 640.37740142842222 0.00021830471454256032 0
0.47499999999999992 0.48499999999999988 0.47999999999999987 9.0056417353646346e-12 0 0 0 626.05343407211922 0.0002183047145425603 0
0.48499999999999988 0.49499999999999988 0.48999999999999988 9.2321134739258037e-12 0 0 0 611.17978574509596 0.00021830471454256027 0
0.49499999999999988 0.50499999999999989 0.49999999999999989 9.4181231586023945e-12 0 0 0 595.19478629092805 0.00021830471454256027 0
0.50499999999999989 0.5149999999999999 0.5099999999999999 7.39212383957111e-12 1.6241645358474492e-09 0 1.6241645358474492e-09 577.86174580224224 0.00021830471454256027 0
0.5149999999999999 0.52499999999999991 0.51999999999999991 2.9428125792549899e-12 1.5509542417282181e-09 0 1.5509542417282181e-09 559.24717967204379 0.00021830471454256027 0
0.52499999999999991 0.53499999999999992 0.52999999999999992 1.0318069023312162e-12 5.3461655181072803e-10 0 5.3461655181072803e-10 542.60735583472501 0.00021830471454256027 0
0.53499999999999992 0.54499999999999982 0.53999999999999981 3.1957076649499378e-13 2.4164625481466812e-10 0 2.4164625481466812e-10 524.31087500385649 0.0002183047145425603 0
0.54499999999999982 0.55499999999999994 0.54999999999999982 9.4660776820799873e-14 7.4895612883508557e-11 0 7.4895612883508557e-11 506.80540941901802 0.00021830471454256032 0
0.55499999999999994 0.56499999999999995 0.55999999999999994 2.4953971650454299e-14 2.0805186311710122e-11 0 2.0805186311710122e-11 488.69697175942855 0.00021830471454256027 0
0.56499999999999995 0.57499999999999984 0.56999999999999984 5.5191198461419539e-15 5.3134674349132625e-12 0 5.3134674349132625e-12 469.49369662673962 0.00021830471454256032 0
0.57499999999999984 0.58499999999999996 0.57999999999999985 9.9670735571612977e-16 1.0521095459342294e-12 0 1.0521095459342294e-12 449.26689534831468 0.00021830471454256027 0
0.58499999999999996 0.59499999999999997 0.58999999999999997 9.8143668165646412e-17 1.7110426494345385e-13 0 1.7110426494345385e-13 423.05669821181027 0.00021830471454256027 0
0.59499999999999997 0.60499999999999987 0.59999999999999987 4.629629976840095e-18 1.3348080516900578e-14 0 1.3348080516900578e-14 389.43827312828745 0.00021830471454256032 0
0.60499999999999987 0.61499999999999988 0.60999999999999988 1.0069273147512466e-19 4.05414518294016e-16 0 4.05414518294016e-16 357.35739012722507 0.00021830471454256027 0
0.61499999999999988 0.62499999999999989 0.61999999999999988 1.649539434351147e-21 6.3943511299282974e-18 0 6.3943511299282974e-18 333.49892256775837 0.00021830471454256027 0
0.62499999999999989 0.6349999999999999 0.62999999999999989 3.9309391268268893e-23 9.084409040124747e-20 0 9.084409040124747e-20 320.50168852141104 0.00021830471454256027 0
0.6349999999999999 0.64499999999999991 0.6399999999999999 4.4305820075220857e-24 4.1401293315887142e-21 0 4.1401293315887142e-21 311.86792615059125 0.00021830471454256032 0
0.64499999999999991 0.6549999999999998 0.64999999999999991 1.4111912860824493e-24 4.957562939015939e-22 0 4.957562939015939e-22 307.04975303903825 0.0002183047145425603 0
0.6549999999999998 0.66499999999999992 0.65999999999999992 8.7179351220292796e-25 1.0874569301892376e-22 0 1.0874569301892376e-22 305.03702769492173 0.00021830471454256032 0
0.66499999999999992 0.67499999999999982 0.66999999999999993 6.3451558751389437e-25 4.4959123614230606e-23 0 4.4959123614230606e-23 303.51411933586024 0.0002183047145425603 0
0.67499999999999982 0.68499999999999983 0.67999999999999983 4.6446236767663415e-25 3.5671970824863325e-23 0 3.5671970824863325e-23 302.04151420654239 0.00021830471454256027 0
0.68499999999999983 0.69499999999999995 0.68999999999999995 3.4985314180759766e-25 1.8792496905801551e-23 0 1.8792496905801551e-23 300.88890967665759 0.00021830471454256032 0
0.69499999999999995 0.70499999999999985 0.69999999999999996 2.772158193413722e-25 1.7177566718476972e-23 0 1.7177566718476972e-23 299.69233712020326 0.0002183047145425603 0
0.70499999999999985 0.71499999999999986 0.70999999999999985 2.0745836982842328e-25 1.8092416674808305e-23 0 1.8092416674808305e-23 298.34904704574126 0.00021830471454256032 0
0.71499999999999986 0.72499999999999987 0.71999999999999986 1.8045112092562863e-25 3.4320535177288386e-24 0 3.4320535177288386e-24 297.97445464463658 0.00021830471454256027 0
0.72499999999999987 0.73499999999999988 0.72999999999999987 1.7812264127057544e-25 1.2823215864155558e-25 0 1.2823215864155558e-25 297.97380118511376 0.00021830471454256027 0
0.73499999999999988 0.74499999999999988 0.73999999999999988 1.7735668703552691e-25 3.3677132572539403e-26 0 3.3677132572539403e-26 297.73836443468713 0.00021830471454256027 0
0.74499999999999988 0.75499999999999989 0.74999999999999989 1.7360022902791646e-25 1.1328552212203344e-24 0 1.1328552212203344e-24 297.68926074285491 0.00021830471454256027 0
0.75499999999999989 0.7649999999999999 0.7599999999999999 1.7245419082555034e-25 0 0 0 297.73836443468718 0.00021830471454256027 0
0.7649999999999999 0.77499999999999991 0.76999999999999991 1.7245397258801027e-25 0 0 0 297.73836443468713 0.00021830471454256027 0
0.77499999999999991 0.78499999999999981 0.7799999999999998 1.724539544391063e-25 0 0 0 297.73836443468707 0.00021830471454256032 0
0.78499999999999981 0.79499999999999982 0.78999999999999981 1.7245393800791845e-25 0 0 0 297.73836443468707 0.00021830471454256027 0
0.79499999999999982 0.80499999999999994 0.79999999999999982 1.7245392158503388e-25 0 0 0 297.73836443468713 0.00021830471454256032 0
0.80499999999999994 0.81499999999999984 0.80999999999999983 1.724539051610846e-25 0 0 0 297.73836443468718 0.0002183047145425603 0
0.81499999999999984 0.82499999999999984 0.81999999999999984 1.7245388873777737e-25 0 0 0 297.73836443468707 0.00021830471454256027 0
0.82499999999999984 0.83499999999999974 0.82999999999999985 1.7245387231420252e-25 0 0 0 297.73836443468713 0.0002183047145425603 0
0.83499999999999974 0.84499999999999986 0.83999999999999986 1.7245385589078554e-25 0 0 0 297.73836443468713 0.00021830471454256032 0
0.84499999999999986 0.85499999999999987 0.84999999999999987 1.7245383946748955e-25 0 0 0 297.73836443468713 0.00021830471454256027 0
0.85499999999999987 0.86499999999999977 0.85999999999999988 1.7245382304409475e-25 0 0 0 297.73836443468718 0.0002183047145425603 0
0.86499999999999977 0.87499999999999989 0.86999999999999988 1.724538066208262e-25 0 0 0 297.73836443468713 0.00021830471454256032 0
0.87499999999999989 0.8849999999999999 0.87999999999999989 1.724537901973922e-25 0 0 0 297.73836443468713 0.00021830471454256027 0
0.8849999999999999 0.8949999999999998 0.8899999999999999 1.7245377377412273e-25 0 0 0 297.73836443468713 0.0002183047145425603 0
0.8949999999999998 0.9049999999999998 0.8999999999999998 1.7245375732282452e-25 0 0 0 297.73836443468707 0.00021830471454256027 0
0.9049999999999998 0.91499999999999992 0.90999999999999992 1.7245374080206568e-25 0 0 0 297.73836443468713 0.00021830471454256027 0
0.91499999999999992 0.92499999999999982 0.91999999999999993 1.7245372437874634e-25 0 0 0 297.73836443468713 0.0002183047145425603 0
0.92499999999999982 0.93499999999999983 0.92999999999999983 1.7245370795552522e-25 0 0 0 297.73836443468707 0.00021830471454256032 0
0.93499999999999983 0.94499999999999984 0.93999999999999984 1.7245369153222903e-25 0 0 0 297.73836443468718 0.00021830471454256024 0
0.94499999999999984 0.95499999999999985 0.94999999999999984 1.7245367510898775e-25 0 0 0 297.73836443468713 0.00021830471454256027 0
0.95499999999999985 0.96499999999999986 0.95999999999999985 1.7245365868569851e-25 0 0 0 297.73836443468713 0.00021830471454256032 0
0.96499999999999986 0.97499999999999976 0.96999999999999975 1.7245364226242466e-25 0 0 0 297.73836443468718 0.0002183047145425603 0
0.97499999999999976 0.98499999999999988 0.97999999999999976 1.72453625839154e-25 0 0 0 297.73836443468713 0.00021830471454256032 0
0.98499999999999988 0.99499999999999977 0.98999999999999977 1.7245360941591359e-25 0 0 0 297.73836443468713 0.0002183047145425603 0
0.99499999999999977 1.0049999999999999 0.99999999999999978 1.7245359299268696e-25 0 0 0 297.73836443468701 0.00021830471454256032 0
1.0049999999999999 1.0149999999999999 1.0099999999999998 1.7245357656949576e-25 0 0 0 297.73836443468707 0.00021830471454256027 0
1.0149999999999999 1.0249999999999999 1.02 1.7245356014632194e-25 0 0 0 297.73836443468713 0.00021830471454256027 0
1.0249999999999999 1.0349999999999999 1.0299999999999998 1.7245354372309623e-25 0 0 0 297.73836443468707 0.00021830471454256027 0
1.0349999999999999 1.0449999999999999 1.04 1.7245352725808043e-25 0 0 0 297.73836443468701 0.00021830471454256032 0
1.0449999999999999 1.0549999999999999 1.0499999999999998 1.7245351075126167e-25 0 0 0 297.73836443468713 0.00021830471454256027 0
1.0549999999999999 1.0649999999999997 1.0599999999999998 1.7245349432794915e-25 0 0 0 297.73836443468713 0.0002183047145425603 0
1.0649999999999997 1.075 1.0699999999999998 1.724534779046089e-25 0 0 0 297.73836443468713 0.0002183047145425603 0
1.075 1.085 1.0800000000000001 1.7245346148128862e-25 0 0 0 297.73836443468713 0.00021830471454256027 0
1.085 1.0949999999999998 1.0899999999999999 1.7245344505799463e-25 0 0 0 297.73836443468713 0.0002183047145425603 0
1.0949999999999998 1.105 1.0999999999999999 1.7245342863468714e-25 0 0 0 297.73836443468718 0.00021830471454256027 0
1.105 1.115 1.1099999999999999 1.7245341221135703e-25 0 0 0 297.73836443468713 0.00021830471454256032 0
1.115 1.1249999999999998 1.1199999999999999 1.7245339578800092e-25 0 0 0 297.73836443468713 0.0002183047145425603 0
1.1249999999999998 1.135 1.1299999999999999 1.7245337936462446e-25 0 0 0 297.73836443468713 0.0002183047145425603 0
1.135 1.145 1.1400000000000001 1.7245336294124428e-25 0 0 0 297.73836443468713 0.00021830471454256027 0
1.145 1.1549999999999998 1.1499999999999999 1.7245334651788757e-25 0 0 0 297.73836443468713 0.0002183047145425603 0
1.1549999999999998 1.165 1.1599999999999999 1.7245333009446537e-25 0 0 0 297.73836443468713 0.0002183047145425603 0
1.165 1.175 1.1699999999999999 1.7245331367098698e-25 0 0 0 297.73836443468713 0.00021830471454256032 0
1.175 1.1849999999999998 1.1799999999999999 1.7245329719179587e-25 0 0 0 297.73836443468713 0.0002183047145425603 0
1.1849999999999998 1.1950000000000001 1.1899999999999999 1.7245328069864907e-25 0 0 0 297.73836443468718 0.0002183047145425603 0
1.1950000000000001 1.2049999999999998 1.2 1.724532642750992e-25 0 0 0 297.73836443468707 0.00021830471454256035 0
1.2049999999999998 1.2149999999999999 1.21 1.7245324785155154e-25 0 0 0 297.73836443468713 0.00021830471454256027 0
1.2149999999999999 1.2249999999999999 1.2199999999999998 1.7245323142802192e-25 0 0 0 297.73836443468707 0.00021830471454256032 0
1.2249999999999999 1.2349999999999999 1.23 1.7245321500455921e-25 0 0 0 297.73836443468713 0.00021830471454256027 0
1.2349999999999999 1.2449999999999999 1.2399999999999998 1.7245319858110014e-25 0 0 0 297.73836443468713 0.00021830471454256032 0
1.2449999999999999 1.2549999999999999 1.25 8.6226593349428799e-26 0 0 0 297.73836443468718 0.00010915235727128256 0
