# Number of Points
66
# x (cm) | u (m/s) | v (m/s) | w (m/s) | T(K) | q_01 | q_02
0.00e-02 0 0 0 9.52e+02 0 0
1.00e-02 0 0 0 1.06e+03 0 0
2.00e-02 0 0 0 1.14e+03 0 0
3.00e-02 0 0 0 1.19e+03 0 0
4.00e-02 0 0 0 1.21e+03 0 0
5.00e-02 0 0 0 1.21e+03 0 0
6.00e-02 0 0 0 1.17e+03 0 0
7.00e-02 0 0 0 1.12e+03 0 0
8.00e-02 0 0 0 1.08e+03 0 0
9.00e-02 0 0 0 1.07e+03 0 0
1.00e-01 0 0 0 1.08e+03 0 0
1.10e-01 0 0 0 1.10e+03 0 0
1.20e-01 0 0 0 1.11e+03 0 0
1.30e-01 0 0 0 1.13e+03 0 0
1.40e-01 0 0 0 1.13e+03 0 0
1.50e-01 0 0 0 1.13e+03 0 0
1.60e-01 0 0 0 1.13e+03 0 0
1.70e-01 0 0 0 1.12e+03 0 0
1.80e-01 0 0 0 1.10e+03 0 0
1.90e-01 0 0 0 1.09e+03 0 0
2.00e-01 0 0 0 1.08e+03 0 0
2.10e-01 0 0 0 1.06e+03 0 0
2.20e-01 0 0 0 1.05e+03 0 0
2.30e-01 0 0 0 1.04e+03 0 0
2.40e-01 0 0 0 1.03e+03 0 0
2.50e-01 0 0 0 1.02e+03 0 0
2.60e-01 0 0 0 1.01e+03 0 0
2.70e-01 0 0 0 1.00e+03 0 0
2.80e-01 0 0 0 9.91e+02 0 0
2.90e-01 0 0 0 9.80e+02 0 0
3.00e-01 0 0 0 9.64e+02 0 0
3.10e-01 0 0 0 9.48e+02 0 0
3.20e-01 0 0 0 9.31e+02 0 0
3.30e-01 0 0 0 9.13e+02 0 0
3.40e-01 0 0 0 8.98e+02 0 0
3.50e-01 0 0 0 8.85e+02 0 0
3.60e-01 0 0 0 8.69e+02 0 0
3.70e-01 0 0 0 8.55e+02 0 0
3.80e-01 0 0 0 8.39e+02 0 0
3.90e-01 0 0 0 8.22e+02 0 0
4.00e-01 0 0 0 8.07e+02 0 0
4.10e-01 0 0 0 7.88e+02 0 0
4.20e-01 0 0 0 7.76e+02 0 0
4.30e-01 0 0 0 7.58e+02 0 0
4.40e-01 0 0 0 7.34e+02 0 0
4.50e-01 0 0 0 7.22e+02 0 0
4.60e-01 0 0 0 7.07e+02 0 0
4.70e-01 0 0 0 6.89e+02 0 0
4.80e-01 0 0 0 6.74e+02 0 0
4.90e-01 0 0 0 6.59e+02 0 0
5.00e-01 0 0 0 6.41e+02 0 0
5.10e-01 0 0 0 6.24e+02 0 0
5.20e-01 0 0 0 6.11e+02 0 0
5.30e-01 0 0 0 5.93e+02 0 0
5.40e-01 0 0 0 5.73e+02 0 0
5.50e-01 0 0 0 5.58e+02 0 0
5.60e-01 0 0 0 5.37e+02 0 0
5.70e-01 0 0 0 5.17e+02 0 0
5.80e-01 0 0 0 4.99e+02 0 0
5.90e-01 0 0 0 4.78e+02 0 0
6.00e-01 0 0 0 4.56e+02 0 0
6.10e-01 0 0 0 4.31e+02 0 0
6.20e-01 0 0 0 4.03e+02 0 0
6.30e-01 0 0 0 3.64e+02 0 0
6.40e-01 0 0 0 3.38e+02 0 0
6.50e-01 0 0 0 3.24e+02 0 0
6.60e-01 0 0 0 3.15e+02 0 0
6.70e-01 0 0 0 3.11e+02 0 0
6.80e-01 0 0 0 3.07e+02 0 0
6.90e-01 0 0 0 3.05e+02 0 0
