# axial profiles of the pair BiI3_g -> BiI3_s, bin set native (rhoFixedFlowFoam, axialProfiles.H)
# time 60.000000000027363 directory 60 reason write time
# molarMass 0.58969380999999998
# axis (1 0 0) origin (0 0 0)
# nBins 126
# inventory gas 1.071248442613609e-13 wall 3.161814746254743e-11 sample 0
# binned gas 1.0712484426136088e-13 wall 3.1618147462547436e-11 sample 0
# outside gas 0 wall 0 sample 0
# observable wall
# fraction 0.001
# significance 1e-13 minimumAmount 3.1725272306808793e-24
# Tdep fromInlet status found T 462.56415132944119 x 0.5600099999999999 peak 1.9834793189615138e-09 xPeak 0.56999999999999984 threshold 1.9834793189615136e-12 searchFrom 0.02
# Tdep fromPeak status found T 462.56415132944119 x 0.5600099999999999 peak 1.9834793189615138e-09 xPeak 0.56999999999999984 threshold 1.9834793189615136e-12
# Tpeak 439.45996766129127 K at x 0.56999999999999984 m; bin maximum of observable
# columns x_lo x_hi x gas wall sample observable Twall wallArea sampleGas
# units m m m mol/m mol/m mol/m mol/m K m2/m mol/m
-0.0050000000000000001 0.0049999999999999984 -8.6736173798840355e-19 3.9458288252868433e-86 0 0 0 1154.3029933481153 0.00010478626298042891 0
0.0049999999999999984 0.014999999999999996 0.0099999999999999967 5.2011271140667885e-78 0 0 0 1154.0751671091152 0.00020957252596085787 0
0.014999999999999996 0.024999999999999994 0.019999999999999997 1.4570384225921931e-69 0 0 0 1137.3492539365648 0.00020957252596085787 0
0.024999999999999994 0.034999999999999996 0.029999999999999995 1.6350976259934488e-61 0 0 0 1105.8991822281505 0.00020957252596085787 0
0.034999999999999996 0.044999999999999991 0.039999999999999994 6.8037625112485593e-54 0 0 0 1083.6595823970874 0.00020957252596085784 0
0.044999999999999991 0.054999999999999993 0.049999999999999989 1.2004454971050128e-46 0 0 0 1078.1160586918081 0.00020957252596085787 0
0.054999999999999993 0.064999999999999988 0.059999999999999991 1.3866680600163816e-39 0 0 0 1087.5556937042809 0.00020957252596085784 0
0.064999999999999988 0.074999999999999983 0.069999999999999979 1.4448246677516534e-32 0 0 0 1100.178444172215 0.00020957252596085784 0
0.074999999999999983 0.084999999999999978 0.079999999999999988 5.3642945013999969e-26 0 0 0 1113.2761052641267 0.00020957252596085784 0
0.084999999999999978 0.094999999999999973 0.089999999999999969 6.3346715716649757e-23 0 0 0 1123.2979315916343 0.00020957252596085789 0
0.094999999999999973 0.10499999999999998 0.099999999999999978 3.2617585450859101e-22 0 0 0 1129.0604744628547 0.00020957252596085787 0
0.10499999999999998 0.11499999999999998 0.10999999999999999 4.9104903179041047e-22 0 0 0 1128.7776293686675 0.00020957252596085784 0
0.11499999999999998 0.12499999999999997 0.11999999999999997 4.8633670889201083e-22 0 0 0 1125.7455918681653 0.00020957252596085784 0
0.12499999999999997 0.13499999999999998 0.12999999999999998 4.729565838673628e-22 0 0 0 1118.6423215303612 0.00020957252596085787 0
0.13499999999999998 0.14499999999999999 0.13999999999999999 4.488296202258085e-22 0 0 0 1108.522667954044 0.00020957252596085787 0
0.14499999999999999 0.15499999999999997 0.14999999999999997 4.1051898672628614e-22 0 0 0 1095.0591749508471 0.00020957252596085789 0
0.15499999999999997 0.16499999999999995 0.15999999999999998 3.6155355349008448e-22 0 0 0 1079.257671662016 0.00020957252596085789 0
0.16499999999999995 0.17499999999999996 0.16999999999999996 3.1486089539392417e-22 0 0 0 1064.1559876029617 0.00020957252596085787 0
0.17499999999999996 0.18499999999999997 0.17999999999999997 2.7547351792801342e-22 0 0 0 1050.4715311774271 0.00020957252596085789 0
0.18499999999999997 0.19499999999999995 0.18999999999999995 2.428365437894569e-22 0 0 0 1037.6050291666975 0.00020957252596085789 0
0.19499999999999995 0.20499999999999993 0.19999999999999996 2.1990063324858939e-22 0 0 0 1027.4841687306873 0.00020957252596085789 0
0.20499999999999993 0.21499999999999997 0.20999999999999996 2.0008813032417021e-22 0 0 0 1017.4968248336899 0.00020957252596085787 0
0.21499999999999997 0.22499999999999998 0.21999999999999997 1.8389429894313495e-22 0 0 0 1008.0633157714999 0.00020957252596085787 0
0.22499999999999998 0.23499999999999996 0.22999999999999998 1.7001438279071963e-22 0 0 0 998.71857138371854 0.00020957252596085784 0
0.23499999999999996 0.24499999999999994 0.23999999999999994 1.5778254920773132e-22 0 0 0 989.0994094921133 0.00020957252596085789 0
0.24499999999999994 0.25499999999999995 0.24999999999999994 1.4620947875741239e-22 0 0 0 978.4407327678764 0.00020957252596085787 0
0.25499999999999995 0.26499999999999996 0.25999999999999995 1.3440032698518167e-22 0 0 0 964.88407318498685 0.00020957252596085789 0
0.26499999999999996 0.27499999999999997 0.26999999999999996 1.2390927329137007e-22 0 0 0 949.0898983628565 0.00020957252596085787 0
0.27499999999999997 0.28499999999999992 0.27999999999999992 1.1611881419386909e-22 0 0 0 932.69938138109853 0.00020957252596085787 0
0.28499999999999992 0.29499999999999998 0.28999999999999992 1.1273380541663862e-22 0 0 0 915.52308243748985 0.00020957252596085784 0
0.29499999999999998 0.30499999999999994 0.29999999999999993 1.1375744538237208e-22 0 0 0 899.07388358895014 0.00020957252596085787 0
0.30499999999999994 0.31499999999999995 0.30999999999999994 1.2478515443160037e-22 0 0 0 883.93101564845779 0.00020957252596085789 0
0.31499999999999995 0.3249999999999999 0.31999999999999995 1.8606941142912345e-22 0 0 0 867.55294873335606 0.00020957252596085787 0
0.3249999999999999 0.33499999999999991 0.3299999999999999 3.0732288543216331e-22 0 0 0 852.48797464742302 0.00020957252596085789 0
0.33499999999999991 0.34499999999999997 0.33999999999999997 5.1178844957919832e-22 0 0 0 838.01220693200582 0.00020957252596085787 0
0.34499999999999997 0.35499999999999993 0.34999999999999998 9.0444296928579537e-22 0 0 0 822.17480909935398 0.00020957252596085787 0
0.35499999999999993 0.36499999999999994 0.35999999999999993 1.6584252074466905e-21 0 0 0 806.07685407933207 0.00020957252596085787 0
0.36499999999999994 0.37499999999999994 0.36999999999999994 3.0969817374984905e-21 0 0 0 789.8648993267276 0.00020957252596085789 0
0.37499999999999994 0.38499999999999995 0.37999999999999995 6.010600224627749e-21 0 0 0 773.9046542577189 0.00020957252596085787 0
0.38499999999999995 0.39499999999999991 0.3899999999999999 1.199830732137325e-20 0 0 0 757.10168742261544 0.00020957252596085784 0
0.39499999999999991 0.40499999999999992 0.39999999999999991 1.3693941183502562e-18 0 0 0 741.37263118118369 0.00020957252596085789 0
0.40499999999999992 0.41499999999999987 0.40999999999999992 5.2338454007653557e-20 0 0 0 725.8108267344993 0.00020957252596085787 0
0.41499999999999987 0.42499999999999993 0.41999999999999993 4.4768663615739099e-18 0 0 0 708.99038207436411 0.00020957252596085787 0
0.42499999999999993 0.43499999999999994 0.42999999999999994 1.0482471981172306e-16 0 0 0 692.73620113501295 0.00020957252596085787 0
0.43499999999999994 0.4449999999999999 0.43999999999999995 6.7894030586377491e-19 0 0 0 677.29203002981239 0.00020957252596085787 0
0.4449999999999999 0.45499999999999996 0.44999999999999996 1.9022225796077619e-18 0 0 0 661.08126588486505 0.00020957252596085787 0
0.45499999999999996 0.46499999999999991 0.45999999999999996 5.8155273880225288e-18 0 0 0 645.37232587006963 0.00020957252596085787 0
0.46499999999999991 0.47499999999999992 0.46999999999999992 6.6913239206635015e-17 0 0 0 629.5440731931069 0.00020957252596085787 0
0.47499999999999992 0.48499999999999988 0.47999999999999987 1.8118233701504346e-16 0 0 0 614.25458723633494 0.00020957252596085787 0
0.48499999999999988 0.49499999999999988 0.48999999999999988 1.3745971324506761e-16 0 0 0 596.61984419689952 0.00020957252596085787 0
0.49499999999999988 0.50499999999999989 0.49999999999999989 4.9945936571054294e-16 0 0 0 579.4979810490579 0.00020957252596085787 0
0.50499999999999989 0.5149999999999999 0.5099999999999999 2.3593956087698799e-15 0 0 0 561.10562484752484 0.00020957252596085789 0
0.5149999999999999 0.52499999999999991 0.51999999999999991 1.1017078265461911e-14 0 0 0 542.97965913421581 0.00020957252596085787 0
0.52499999999999991 0.53499999999999992 0.52999999999999992 7.2399325427359123e-14 0 0 0 524.70914599862056 0.00020957252596085787 0
0.53499999999999992 0.54499999999999982 0.53999999999999981 4.8681822590162225e-13 0 0 0 504.35059107113005 0.00020957252596085784 0
0.54499999999999982 0.55499999999999994 0.54999999999999982 2.2770439823249061e-12 0 0 0 482.94306262595057 0.00020957252596085787 0
0.55499999999999994 0.56499999999999995 0.55999999999999994 4.6031604033211166e-12 0 0 0 462.58727864042032 0.00020957252596085787 0
0.56499999999999995 0.57499999999999984 0.56999999999999984 2.7235527907476537e-12 1.9834793189615138e-09 0 1.9834793189615138e-09 439.45996766129127 0.00020957252596085784 0
0.57499999999999984 0.58499999999999996 0.57999999999999985 4.9108475675108766e-13 1.0268380698070918e-09 0 1.0268380698070918e-09 412.58114091563544 0.00020957252596085787 0
0.58499999999999996 0.59499999999999997 0.58999999999999997 4.2050612385815238e-14 1.4164860016348559e-10 0 1.4164860016348559e-10 381.18838674879396 0.00020957252596085787 0
0.59499999999999997 0.60499999999999987 0.59999999999999987 1.9030951781468772e-15 9.4217238359157102e-12 0 9.4217238359157102e-12 351.80725966268182 0.00020957252596085784 0
0.60499999999999987 0.61499999999999988 0.60999999999999988 7.7667104013167293e-17 4.0680595111143201e-13 0 4.0680595111143201e-13 331.28641093522668 0.00020957252596085787 0
0.61499999999999988 0.62499999999999989 0.61999999999999988 6.3023687660009525e-18 1.7883365729074685e-14 0 1.7883365729074685e-14 319.31067391138714 0.00020957252596085787 0
0.62499999999999989 0.6349999999999999 0.62999999999999989 1.2052474352400924e-18 1.8383109997622428e-15 0 1.8383109997622428e-15 310.4627502418852 0.00020957252596085787 0
0.6349999999999999 0.64499999999999991 0.6399999999999999 5.0075527295012506e-19 3.1185084184013691e-16 0 3.1185084184013691e-16 305.94595738063458 0.00020957252596085789 0
0.64499999999999991 0.6549999999999998 0.64999999999999991 3.0320656064954525e-19 8.0519404675057503e-17 0 8.0519404675057503e-17 303.28223660758749 0.00020957252596085789 0
0.6549999999999998 0.66499999999999992 0.65999999999999992 1.9592012146632979e-19 5.0894643142913233e-17 0 5.0894643142913233e-17 300.8239364364635 0.00020957252596085787 0
0.66499999999999992 0.67499999999999982 0.66999999999999993 1.5041898800560562e-19 2.3552848611648219e-17 0 2.3552848611648219e-17 299.42951064465757 0.00020957252596085784 0
0.67499999999999982 0.68499999999999983 0.67999999999999983 1.302625555830455e-19 9.7652310475225707e-18 0 9.7652310475225707e-18 298.66970242612064 0.00020957252596085787 0
0.68499999999999983 0.69499999999999995 0.68999999999999995 1.0726033441843578e-19 1.2600759607712193e-17 0 1.2600759607712193e-17 297.54003751970453 0.00020957252596085787 0
0.69499999999999995 0.70499999999999985 0.69999999999999996 9.6415059458526702e-20 3.455249524380715e-18 0 3.455249524380715e-18 297.02467953159623 0.00020957252596085784 0
0.70499999999999985 0.71499999999999986 0.70999999999999985 8.6627084391867749e-20 6.7556957726277197e-18 0 6.7556957726277197e-18 296.41273104039601 0.00020957252596085789 0
0.71499999999999986 0.72499999999999987 0.71999999999999986 8.1907633291332832e-20 7.4963485092126354e-19 0 7.4963485092126354e-19 296.19272103057045 0.00020957252596085789 0
0.72499999999999987 0.73499999999999988 0.72999999999999987 7.3430653267089972e-20 5.7145950574510732e-18 0 5.7145950574510732e-18 295.68551196511629 0.00020957252596085787 0
0.73499999999999988 0.74499999999999988 0.73999999999999988 7.1735201014279003e-20 0 0 0 296.20986696230597 0.00020957252596085787 0
0.74499999999999988 0.75499999999999989 0.74999999999999989 7.173346621856173e-20 0 0 0 296.20986696230597 0.00020957252596085787 0
0.75499999999999989 0.7649999999999999 0.7599999999999999 7.1733431616458264e-20 0 0 0 296.20986696230597 0.00020957252596085787 0
0.7649999999999999 0.77499999999999991 0.76999999999999991 7.1733423375658652e-20 0 0 0 296.20986696230597 0.00020957252596085787 0
0.77499999999999991 0.78499999999999981 0.7799999999999998 7.1733415402850639e-20 0 0 0 296.20986696230591 0.00020957252596085789 0
0.78499999999999981 0.79499999999999982 0.78999999999999981 7.1733407432536765e-20 0 0 0 296.20986696230591 0.00020957252596085789 0
0.79499999999999982 0.80499999999999994 0.79999999999999982 7.173339946222513e-20 0 0 0 296.20986696230602 0.00020957252596085787 0
0.80499999999999994 0.81499999999999984 0.80999999999999983 7.1733391491899015e-20 0 0 0 296.20986696230597 0.00020957252596085784 0
0.81499999999999984 0.82499999999999984 0.81999999999999984 7.1733383521572514e-20 0 0 0 296.20986696230591 0.00020957252596085789 0
0.82499999999999984 0.83499999999999974 0.82999999999999985 7.1733375536012065e-20 0 0 0 296.20986696230591 0.00020957252596085789 0
0.83499999999999974 0.84499999999999986 0.83999999999999986 7.1733367489585741e-20 0 0 0 296.20986696230602 0.00020957252596085787 0
0.84499999999999986 0.85499999999999987 0.84999999999999987 7.1733359519238861e-20 0 0 0 296.20986696230597 0.00020957252596085787 0
0.85499999999999987 0.86499999999999977 0.85999999999999988 7.1733351548880727e-20 0 0 0 296.20986696230597 0.00020957252596085784 0
0.86499999999999977 0.87499999999999989 0.86999999999999988 7.1733343578518092e-20 0 0 0 296.20986696230597 0.00020957252596085787 0
0.87499999999999989 0.8849999999999999 0.87999999999999989 7.1733335608163051e-20 0 0 0 296.20986696230597 0.00020957252596085787 0
0.8849999999999999 0.8949999999999998 0.8899999999999999 7.173332763780304e-20 0 0 0 296.20986696230597 0.00020957252596085789 0
0.8949999999999998 0.9049999999999998 0.8999999999999998 7.1733319667423696e-20 0 0 0 296.20986696230591 0.00020957252596085789 0
0.9049999999999998 0.91499999999999992 0.90999999999999992 7.1733311697038238e-20 0 0 0 296.20986696230602 0.00020957252596085787 0
0.91499999999999992 0.92499999999999982 0.91999999999999993 7.1733303726659064e-20 0 0 0 296.20986696230597 0.00020957252596085784 0
0.92499999999999982 0.93499999999999983 0.92999999999999983 7.17332957562692e-20 0 0 0 296.20986696230597 0.00020957252596085787 0
0.93499999999999983 0.94499999999999984 0.93999999999999984 7.1733287785886246e-20 0 0 0 296.20986696230591 0.00020957252596085789 0
0.94499999999999984 0.95499999999999985 0.94999999999999984 7.1733279815495166e-20 0 0 0 296.20986696230597 0.00020957252596085789 0
0.95499999999999985 0.96499999999999986 0.95999999999999985 7.1733271845079026e-20 0 0 0 296.20986696230597 0.00020957252596085787 0
0.96499999999999986 0.97499999999999976 0.96999999999999975 7.1733263874645071e-20 0 0 0 296.20986696230597 0.00020957252596085784 0
0.97499999999999976 0.98499999999999988 0.97999999999999976 7.1733255904221768e-20 0 0 0 296.20986696230602 0.00020957252596085787 0
0.98499999999999988 0.99499999999999977 0.98999999999999977 7.1733247933803521e-20 0 0 0 296.20986696230597 0.00020957252596085784 0
0.99499999999999977 1.0049999999999999 0.99999999999999978 7.1733239963391545e-20 0 0 0 296.20986696230597 0.00020957252596085789 0
1.0049999999999999 1.0149999999999999 1.0099999999999998 7.17332319929856e-20 0 0 0 296.20986696230591 0.00020957252596085789 0
1.0149999999999999 1.0249999999999999 1.02 7.1733224022582544e-20 0 0 0 296.20986696230591 0.00020957252596085789 0
1.0249999999999999 1.0349999999999999 1.0299999999999998 7.173321605215486e-20 0 0 0 296.20986696230602 0.00020957252596085781 0
1.0349999999999999 1.0449999999999999 1.04 7.1733208051303188e-20 0 0 0 296.20986696230597 0.00020957252596085787 0
1.0449999999999999 1.0549999999999999 1.0499999999999998 7.1733200020032862e-20 0 0 0 296.20986696230597 0.00020957252596085787 0
1.0549999999999999 1.0649999999999997 1.0599999999999998 7.173319204962357e-20 0 0 0 296.20986696230597 0.00020957252596085789 0
1.0649999999999997 1.075 1.0699999999999998 7.1733184079216494e-20 0 0 0 296.20986696230591 0.00020957252596085789 0
1.075 1.085 1.0800000000000001 7.173317610879537e-20 0 0 0 296.20986696230597 0.00020957252596085787 0
1.085 1.0949999999999998 1.0899999999999999 7.1733168138378411e-20 0 0 0 296.20986696230597 0.00020957252596085784 0
1.0949999999999998 1.105 1.0999999999999999 7.1733160167967218e-20 0 0 0 296.20986696230597 0.00020957252596085789 0
1.105 1.115 1.1099999999999999 7.1733152197569277e-20 0 0 0 296.20986696230597 0.00020957252596085789 0
1.115 1.1249999999999998 1.1199999999999999 7.1733144227165378e-20 0 0 0 296.20986696230602 0.00020957252596085789 0
1.1249999999999998 1.135 1.1299999999999999 7.1733136256755365e-20 0 0 0 296.20986696230597 0.00020957252596085789 0
1.135 1.145 1.1400000000000001 7.173312828632933e-20 0 0 0 296.20986696230597 0.00020957252596085787 0
1.145 1.1549999999999998 1.1499999999999999 7.1733120315902043e-20 0 0 0 296.20986696230602 0.00020957252596085784 0
1.1549999999999998 1.165 1.1599999999999999 7.1733112345478716e-20 0 0 0 296.20986696230597 0.00020957252596085787 0
1.165 1.175 1.1699999999999999 7.1733104375038767e-20 0 0 0 296.20986696230591 0.00020957252596085789 0
1.175 1.1849999999999998 1.1799999999999999 7.1733096404602392e-20 0 0 0 296.20986696230602 0.00020957252596085784 0
1.1849999999999998 1.1950000000000001 1.1899999999999999 7.1733088434166366e-20 0 0 0 296.20986696230597 0.00020957252596085787 0
1.1950000000000001 1.2049999999999998 1.2 7.1733080463734349e-20 0 0 0 296.20986696230602 0.00020957252596085784 0
1.2049999999999998 1.2149999999999999 1.21 7.1733072493296445e-20 0 0 0 296.20986696230597 0.00020957252596085787 0
1.2149999999999999 1.2249999999999999 1.2199999999999998 7.1733064522851644e-20 0 0 0 296.20986696230597 0.00020957252596085789 0
1.2249999999999999 1.2349999999999999 1.23 7.173305655240883e-20 0 0 0 296.20986696230591 0.00020957252596085789 0
1.2349999999999999 1.2449999999999999 1.2399999999999998 7.1733048581977655e-20 0 0 0 296.20986696230597 0.00020957252596085789 0
1.2449999999999999 1.2549999999999999 1.25 3.5866521302080086e-20 0 0 0 296.20986696230597 0.00010478626298043125 0
