# axial profiles of the pair PbI2_g -> PbI2_s, bin set native (rhoFixedFlowFoam, axialProfiles.H)
# time 60.000000000027363 directory 60 reason write time
# molarMass 0.46100893999999998
# axis (1 0 0) origin (0 0 0)
# nBins 126
# inventory gas 4.2480237418877437e-11 wall 2.3996067549913256e-09 sample 0
# binned gas 4.2480237418877437e-11 wall 2.3996067549913256e-09 sample 0
# outside gas 0 wall 0 sample 0
# observable wall
# fraction 0.001
# significance 1e-13 minimumAmount 2.4420869924102028e-22
# Tdep fromInlet status found T 656.59886505077122 x 0.35000999999999999 peak 8.4365859419721297e-08 xPeak 0.35999999999999993 threshold 8.43658594197213e-11 searchFrom 0.02
# Tdep fromPeak status found T 656.59886505077122 x 0.35000999999999999 peak 8.4365859419721297e-08 xPeak 0.35999999999999993 threshold 8.43658594197213e-11
# Tpeak 639.64212611188373 K at x 0.35999999999999993 m; bin maximum of observable
# columns x_lo x_hi x gas wall sample observable Twall wallArea sampleGas
# units m m m mol/m mol/m mol/m mol/m K m2/m mol/m
-0.0050000000000000001 0.0049999999999999984 -8.6736173798840355e-19 1.287157353225543e-113 0 0 0 1124.6398688915376 0.00010478626298042891 0
0.0049999999999999984 0.014999999999999996 0.0099999999999999967 1.1854557634258522e-102 0 0 0 1124.6398688915374 0.00020957252596085787 0
0.014999999999999996 0.024999999999999994 0.019999999999999997 1.0211970333116574e-89 0 0 0 1123.1863099859033 0.00020957252596085789 0
0.024999999999999994 0.034999999999999996 0.029999999999999995 4.8112731094718913e-77 0 0 0 1113.9489211668772 0.00020957252596085787 0
0.034999999999999996 0.044999999999999991 0.039999999999999994 1.1685590635704947e-65 0 0 0 1102.033035139696 0.00020957252596085784 0
0.044999999999999991 0.054999999999999993 0.049999999999999989 9.4631406978895202e-53 0 0 0 1089.8716671569673 0.00020957252596085784 0
0.054999999999999993 0.064999999999999988 0.059999999999999991 9.5031565087273565e-42 0 0 0 1074.168918252584 0.00020957252596085784 0
0.064999999999999988 0.074999999999999983 0.069999999999999979 7.1779905530062813e-29 0 0 0 1059.6796582199379 0.00020957252596085784 0
0.074999999999999983 0.084999999999999978 0.079999999999999988 1.7744690881382291e-16 0 0 0 1046.1746661388897 0.00020957252596085784 0
0.084999999999999978 0.094999999999999973 0.089999999999999969 1.5738819903417244e-11 0 0 0 1034.9250575264514 0.00020957252596085784 8.0768748815291152e-12
0.094999999999999973 0.10499999999999998 0.099999999999999978 8.3751800351301125e-11 0 0 0 1024.8841244995065 0.00020957252596085789 3.7819820963831798e-11
0.10499999999999998 0.11499999999999998 0.10999999999999999 1.1002954422771837e-10 0 0 0 1015.6821435425861 0.00020957252596085784 0
0.11499999999999998 0.12499999999999997 0.11999999999999997 1.1292809790382099e-10 0 0 0 1007.0978393043787 0.00020957252596085784 0
0.12499999999999997 0.13499999999999998 0.12999999999999998 1.156193435959459e-10 0 0 0 998.99489726637967 0.00020957252596085787 0
0.13499999999999998 0.14499999999999999 0.13999999999999999 1.1863720466347449e-10 0 0 0 989.58748981415181 0.00020957252596085787 0
0.14499999999999999 0.15499999999999997 0.14999999999999997 1.2221760491461387e-10 0 0 0 977.86160343364963 0.00020957252596085784 0
0.15499999999999997 0.16499999999999995 0.15999999999999998 1.267329126275433e-10 0 0 0 961.96586573424554 0.00020957252596085789 0
0.16499999999999995 0.17499999999999996 0.16999999999999996 1.3113106153599381e-10 0 0 0 945.62293160559125 0.00020957252596085787 0
0.17499999999999996 0.18499999999999997 0.17999999999999997 1.3559801251972783e-10 0 0 0 927.97793842869658 0.00020957252596085787 0
0.18499999999999997 0.19499999999999995 0.18999999999999995 1.396770777072778e-10 0 0 0 911.03437176821456 0.00020957252596085784 0
0.19499999999999995 0.20499999999999993 0.19999999999999996 1.4319523599991813e-10 0 0 0 895.8504733516661 0.00020957252596085784 0
0.20499999999999993 0.21499999999999997 0.20999999999999996 1.4606851202026759e-10 0 0 0 883.13990272541412 0.00020957252596085787 0
0.21499999999999997 0.22499999999999998 0.21999999999999997 1.4945073132042374e-10 0 0 0 867.71433681521228 0.00020957252596085787 0
0.22499999999999998 0.23499999999999996 0.22999999999999998 1.5277157413608033e-10 0 0 0 852.28570022745805 0.00020957252596085784 0
0.23499999999999996 0.24499999999999994 0.23999999999999994 1.5602652617255918e-10 0 0 0 837.11771179072582 0.00020957252596085789 0
0.24499999999999994 0.25499999999999995 0.24999999999999994 1.5974398952580222e-10 0 0 0 819.81252078459079 0.00020957252596085789 0
0.25499999999999995 0.26499999999999996 0.25999999999999995 1.6315199341155421e-10 0 0 0 804.27213248377473 0.00020957252596085787 0
0.26499999999999996 0.27499999999999997 0.26999999999999996 1.6689529032096282e-10 0 0 0 787.36385005142131 0.00020957252596085787 0
0.27499999999999997 0.28499999999999992 0.27999999999999992 1.7015277267058625e-10 0 0 0 773.10823596304397 0.00020957252596085787 0
0.28499999999999992 0.29499999999999998 0.28999999999999992 1.7457156895571135e-10 0 0 0 754.03097708405471 0.00020957252596085787 0
0.29499999999999998 0.30499999999999994 0.29999999999999993 1.7963943229831868e-10 0 0 0 733.20844480622054 0.00020957252596085787 0
0.30499999999999994 0.31499999999999995 0.30999999999999994 1.8303256717315514e-10 0 0 0 720.0428703675924 0.00020957252596085787 0
0.31499999999999995 0.3249999999999999 0.31999999999999995 1.8694168147706125e-10 0 0 0 704.98375950557818 0.00020957252596085787 0
0.3249999999999999 0.33499999999999991 0.3299999999999999 1.9170264824498011e-10 0 0 0 687.49325338422148 0.00020957252596085787 0
0.33499999999999991 0.34499999999999997 0.33999999999999997 1.960948511243078e-10 0 0 0 672.20857362857919 0.00020957252596085787 0
0.34499999999999997 0.35499999999999993 0.34999999999999998 2.0034104693860192e-10 0 0 0 656.61583876342274 0.00020957252596085787 0
0.35499999999999993 0.36499999999999994 0.35999999999999993 1.6375468245668337e-10 8.4365859419721297e-08 0 8.4365859419721297e-08 639.64212611188373 0.00020957252596085789 0
0.36499999999999994 0.37499999999999994 0.36999999999999994 8.434087452606989e-11 7.7170900034271831e-08 0 7.7170900034271831e-08 623.60650855289373 0.00020957252596085789 0
0.37499999999999994 0.38499999999999995 0.37999999999999995 4.1151056079837311e-11 4.2752782886496235e-08 0 4.2752782886496235e-08 608.10629466445312 0.00020957252596085787 0
0.38499999999999995 0.39499999999999991 0.3899999999999999 1.7121412847869194e-11 2.1441255706732589e-08 0 2.1441255706732589e-08 590.34077895168218 0.00020957252596085784 0
0.39499999999999991 0.40499999999999992 0.39999999999999991 6.3298629458987076e-12 9.1017615746196631e-09 0 9.1017615746196631e-09 571.64472796787402 0.00020957252596085787 0
0.40499999999999992 0.41499999999999987 0.40999999999999992 2.4146326271937594e-12 3.2748097082286055e-09 0 3.2748097082286055e-09 555.38041437258778 0.00020957252596085787 0
0.41499999999999987 0.42499999999999993 0.41999999999999993 7.9587265474478255e-13 1.337232101433286e-09 0 1.337232101433286e-09 535.77917967463918 0.00020957252596085787 0
0.42499999999999993 0.43499999999999994 0.42999999999999994 2.0923385192280154e-13 3.889006681920162e-10 0 3.889006681920162e-10 515.50206096230829 0.00020957252596085787 0
0.43499999999999994 0.4449999999999999 0.43999999999999995 5.0973684419334737e-14 9.8293141539013222e-11 0 9.8293141539013222e-11 496.05896268798114 0.00020957252596085787 0
0.4449999999999999 0.45499999999999996 0.44999999999999996 1.0949264683947999e-14 2.3428864485554364e-11 0 2.3428864485554364e-11 475.53659741794007 0.00020957252596085787 0
0.45499999999999996 0.46499999999999991 0.45999999999999996 1.8690173641671994e-15 4.6787161261893781e-12 0 4.6787161261893781e-12 453.42675453473106 0.00020957252596085787 0
0.46499999999999991 0.47499999999999992 0.46999999999999992 2.2443857669451742e-16 6.9492685991236988e-13 0 6.9492685991236988e-13 429.03580817397773 0.00020957252596085787 0
0.47499999999999992 0.48499999999999988 0.47999999999999987 1.7460200336336855e-17 7.3447427536884048e-14 0 7.3447427536884048e-14 397.79249872903296 0.00020957252596085787 0
0.48499999999999988 0.49499999999999988 0.48999999999999988 8.1558828212011253e-19 4.1537814117651346e-15 0 4.1537814117651346e-15 363.00362851236224 0.00020957252596085787 0
0.49499999999999988 0.50499999999999989 0.49999999999999989 2.7706513347406023e-20 1.4440891338823964e-16 0 1.4440891338823964e-16 338.26200894644171 0.00020957252596085787 0
0.50499999999999989 0.5149999999999999 0.5099999999999999 9.0918130085273909e-22 4.6677123254250118e-18 0 4.6677123254250118e-18 323.47597094579402 0.00020957252596085787 0
0.5149999999999999 0.52499999999999991 0.51999999999999991 3.0122938976909426e-23 1.3526986520101056e-19 0 1.3526986520101056e-19 313.71354030967126 0.00020957252596085787 0
0.52499999999999991 0.53499999999999992 0.52999999999999992 2.5847354044252755e-24 4.4634325343806161e-21 0 4.4634325343806161e-21 308.83566720527438 0.00020957252596085789 0
0.53499999999999992 0.54499999999999982 0.53999999999999981 9.9249407589665649e-25 5.5356817578064405e-22 0 5.5356817578064405e-22 305.51117174686186 0.00020957252596085789 0
0.54499999999999982 0.55499999999999994 0.54999999999999982 5.5135605399630873e-25 1.7902999026512283e-22 0 1.7902999026512283e-22 303.03235096648058 0.00020957252596085787 0
0.55499999999999994 0.56499999999999995 0.55999999999999994 3.48873561251243e-25 8.9372166056372003e-23 0 8.9372166056372003e-23 300.9782892216536 0.00020957252596085787 0
0.56499999999999995 0.57499999999999984 0.56999999999999984 2.6440408288669965e-25 5.1309897708316691e-23 0 5.1309897708316691e-23 299.74262045309058 0.00020957252596085784 0
0.57499999999999984 0.58499999999999996 0.57999999999999985 2.0023799918734987e-25 2.4750302890521494e-23 0 2.4750302890521494e-23 298.54311758995715 0.00020957252596085787 0
0.58499999999999996 0.59499999999999997 0.58999999999999997 1.7257176559041381e-25 8.9925902656947532e-24 0 8.9925902656947532e-24 298.10347004500619 0.00020957252596085787 0
0.59499999999999997 0.60499999999999987 0.59999999999999987 1.4799829491914728e-25 1.4009210240925639e-23 0 1.4009210240925639e-23 297.48448575618954 0.00020957252596085784 0
0.60499999999999987 0.61499999999999988 0.60999999999999988 1.3104894498315011e-25 1.2134421307301242e-23 0 1.2134421307301242e-23 296.69890506132361 0.00020957252596085789 0
0.61499999999999988 0.62499999999999989 0.61999999999999988 1.1746856725799631e-25 4.0692723774272204e-24 0 4.0692723774272204e-24 296.54145713445439 0.00020957252596085787 0
0.62499999999999989 0.6349999999999999 0.62999999999999989 1.0808293312475104e-25 4.8972878170468685e-24 0 4.8972878170468685e-24 295.94707390065849 0.00020957252596085787 0
0.6349999999999999 0.64499999999999991 0.6399999999999999 1.0557849008964377e-25 0 0 0 296.03438617401662 0.00020957252596085789 0
0.64499999999999991 0.6549999999999998 0.64999999999999991 1.0556450159466055e-25 0 0 0 296.03438617401667 0.00020957252596085784 0
0.6549999999999998 0.66499999999999992 0.65999999999999992 1.0325906264213011e-25 2.4007723598730499e-24 0 2.4007723598730499e-24 295.94822596965633 0.00020957252596085787 0
0.66499999999999992 0.67499999999999982 0.66999999999999993 9.4283448484940359e-26 3.8347414479527308e-24 0 3.8347414479527308e-24 295.51426238930594 0.00020957252596085784 0
0.67499999999999982 0.68499999999999983 0.67999999999999983 9.0827644962961196e-26 1.6609172862361497e-24 0 1.6609172862361497e-24 295.44692852060842 0.00020957252596085787 0
0.68499999999999983 0.69499999999999995 0.68999999999999995 9.0495183515945661e-26 2.1200412750062646e-25 0 2.1200412750062646e-25 295.56588110857746 0.00020957252596085787 0
0.69499999999999995 0.70499999999999985 0.69999999999999996 9.033058078819707e-26 1.715859666886636e-26 0 1.715859666886636e-26 295.49258139217125 0.00020957252596085784 0
0.70499999999999985 0.71499999999999986 0.70999999999999985 9.0405235486214975e-26 1.2203220928061419e-26 0 1.2203220928061419e-26 295.10452845204117 0.00020957252596085789 0
0.71499999999999986 0.72499999999999987 0.71999999999999986 9.0423300935945347e-26 2.3941120371551034e-28 0 2.3941120371551034e-28 295.08087008343256 0.00020957252596085789 0
0.72499999999999987 0.73499999999999988 0.72999999999999987 9.0423328585259474e-26 9.5632156783259436e-32 0 9.5632156783259436e-32 295.08087008343267 0.00020957252596085787 0
0.73499999999999988 0.74499999999999988 0.73999999999999988 9.0423306606070516e-26 0 0 0 295.08087008343261 0.00020957252596085787 0
0.74499999999999988 0.75499999999999989 0.74999999999999989 9.0423284465664552e-26 0 0 0 295.08087008343261 0.00020957252596085787 0
0.75499999999999989 0.7649999999999999 0.7599999999999999 9.0423262116056053e-26 0 0 0 295.08087008343256 0.00020957252596085787 0
0.7649999999999999 0.77499999999999991 0.76999999999999991 9.0423240075911607e-26 0 0 0 295.08087008343261 0.00020957252596085787 0
0.77499999999999991 0.78499999999999981 0.7799999999999998 9.0423217751443374e-26 0 0 0 295.08087008343256 0.00020957252596085789 0
0.78499999999999981 0.79499999999999982 0.78999999999999981 9.042319558594297e-26 0 0 0 295.08087008343261 0.00020957252596085787 0
0.79499999999999982 0.80499999999999994 0.79999999999999982 9.0423173487454158e-26 0 0 0 295.08087008343261 0.00020957252596085787 0
0.80499999999999994 0.81499999999999984 0.80999999999999983 9.042315109628003e-26 0 0 0 295.08087008343267 0.00020957252596085784 0
0.81499999999999984 0.82499999999999984 0.81999999999999984 9.0423129056393515e-26 0 0 0 295.08087008343256 0.00020957252596085789 0
0.82499999999999984 0.83499999999999974 0.82999999999999985 9.0423106773904263e-26 0 0 0 295.08087008343267 0.00020957252596085784 0
0.83499999999999974 0.84499999999999986 0.83999999999999986 9.042308456664634e-26 0 0 0 295.08087008343261 0.00020957252596085787 0
0.84499999999999986 0.85499999999999987 0.84999999999999987 9.0423062509917126e-26 0 0 0 295.08087008343256 0.00020957252596085789 0
0.85499999999999987 0.86499999999999977 0.85999999999999988 9.0423040076824387e-26 0 0 0 295.08087008343267 0.00020957252596085784 0
0.86499999999999977 0.87499999999999989 0.86999999999999988 9.042301803679889e-26 0 0 0 295.08087008343261 0.00020957252596085787 0
0.87499999999999989 0.8849999999999999 0.87999999999999989 9.0422995795985401e-26 0 0 0 295.08087008343261 0.00020957252596085787 0
0.8849999999999999 0.8949999999999998 0.8899999999999999 9.042297354679073e-26 0 0 0 295.08087008343267 0.00020957252596085784 0
0.8949999999999998 0.9049999999999998 0.8999999999999998 9.0422951506756979e-26 0 0 0 295.08087008343261 0.00020957252596085787 0
0.9049999999999998 0.91499999999999992 0.90999999999999992 9.0422929081998208e-26 0 0 0 295.08087008343256 0.00020957252596085789 0
0.91499999999999992 0.92499999999999982 0.91999999999999993 9.0422907016911195e-26 0 0 0 295.08087008343261 0.00020957252596085784 0
0.92499999999999982 0.93499999999999983 0.92999999999999983 9.0422884817966037e-26 0 0 0 295.08087008343261 0.00020957252596085787 0
0.93499999999999983 0.94499999999999984 0.93999999999999984 9.0422862527022616e-26 0 0 0 295.08087008343256 0.00020957252596085787 0
0.94499999999999984 0.95499999999999985 0.94999999999999984 9.0422840487099091e-26 0 0 0 295.08087008343261 0.00020957252596085787 0
0.95499999999999985 0.96499999999999986 0.95999999999999985 9.042281810426203e-26 0 0 0 295.08087008343256 0.00020957252596085789 0
0.96499999999999986 0.97499999999999976 0.96999999999999975 9.0422795997451844e-26 0 0 0 295.08087008343261 0.00020957252596085789 0
0.97499999999999976 0.98499999999999988 0.97999999999999976 9.0422773840454328e-26 0 0 0 295.08087008343267 0.00020957252596085787 0
0.98499999999999988 0.99499999999999977 0.98999999999999977 9.042275150784815e-26 0 0 0 295.08087008343267 0.00020957252596085784 0
0.99499999999999977 1.0049999999999999 0.99999999999999978 9.0422729468072859e-26 0 0 0 295.08087008343256 0.00020957252596085789 0
1.0049999999999999 1.0149999999999999 1.0099999999999998 9.0422707127203828e-26 0 0 0 295.08087008343261 0.00020957252596085787 0
1.0149999999999999 1.0249999999999999 1.02 9.04226849786687e-26 0 0 0 295.08087008343261 0.00020957252596085787 0
1.0249999999999999 1.0349999999999999 1.0299999999999998 9.0422662863571187e-26 0 0 0 295.08087008343256 0.00020957252596085789 0
1.0349999999999999 1.0449999999999999 1.04 9.0422640489182751e-26 0 0 0 295.08087008343261 0.00020957252596085787 0
1.0449999999999999 1.0549999999999999 1.0499999999999998 9.0422618449330892e-26 0 0 0 295.08087008343261 0.00020957252596085787 0
1.0549999999999999 1.0649999999999997 1.0599999999999998 9.0422596150158104e-26 0 0 0 295.08087008343256 0.00020957252596085789 0
1.0649999999999997 1.075 1.0699999999999998 9.0422573959713377e-26 0 0 0 295.08087008343256 0.00020957252596085789 0
1.075 1.085 1.0800000000000001 9.042255188632168e-26 0 0 0 295.08087008343256 0.00020957252596085787 0
1.085 1.0949999999999998 1.0899999999999999 9.0422529469994509e-26 0 0 0 295.08087008343261 0.00020957252596085784 0
1.0949999999999998 1.105 1.0999999999999999 9.0422507430005827e-26 0 0 0 295.08087008343261 0.00020957252596085787 0
1.105 1.115 1.1099999999999999 9.042248517249218e-26 0 0 0 295.08087008343261 0.00020957252596085787 0
1.115 1.1249999999999998 1.1199999999999999 9.0422462940029533e-26 0 0 0 295.08087008343261 0.00020957252596085784 0
1.1249999999999998 1.135 1.1299999999999999 9.0422440899937617e-26 0 0 0 295.08087008343261 0.00020957252596085787 0
1.135 1.145 1.1400000000000001 9.0422418458368335e-26 0 0 0 295.08087008343256 0.00020957252596085789 0
1.145 1.1549999999999998 1.1499999999999999 9.042239640988541e-26 0 0 0 295.08087008343261 0.00020957252596085789 0
1.1549999999999998 1.165 1.1599999999999999 9.0422374194074031e-26 0 0 0 295.08087008343261 0.00020957252596085787 0
1.165 1.175 1.1699999999999999 9.0422351919674981e-26 0 0 0 295.08087008343261 0.00020957252596085787 0
1.175 1.1849999999999998 1.1799999999999999 9.0422329879504832e-26 0 0 0 295.08087008343256 0.00020957252596085789 0
1.1849999999999998 1.1950000000000001 1.1899999999999999 9.0422307479734695e-26 0 0 0 295.08087008343256 0.00020957252596085787 0
1.1950000000000001 1.2049999999999998 1.2 9.0422285389470074e-26 0 0 0 295.08087008343261 0.00020957252596085784 0
1.2049999999999998 1.2149999999999999 1.21 9.0422263215607899e-26 0 0 0 295.08087008343256 0.00020957252596085789 0
1.2149999999999999 1.2249999999999999 1.2199999999999998 9.0422240899598817e-26 0 0 0 295.08087008343261 0.00020957252596085787 0
1.2249999999999999 1.2349999999999999 1.23 9.0422218859627228e-26 0 0 0 295.08087008343261 0.00020957252596085787 0
1.2349999999999999 1.2449999999999999 1.2399999999999998 9.0422196501855127e-26 0 0 0 295.08087008343261 0.00020957252596085789 0
1.2449999999999999 1.2549999999999999 1.25 4.5211090070659374e-26 0 0 0 295.08087008343261 0.00010478626298043125 0
