# axial profiles of the pair element_I -> I, bin set native (rhoFixedFlowFoam, axialProfiles.H)
# time 60.000000000027363 directory 60 reason write time
# molarMass 1
# axis (1 0 0) origin (0 0 0)
# nBins 126
# inventory gas 8.5323267505559922e-12 wall 1.0617734061247251e-10 sample 0
# binned gas 8.5323267505559922e-12 wall 1.0617734061247251e-10 sample 0
# outside gas 0 wall 0 sample 0
# observable wall
# fraction 0.001
# significance 1e-13 minimumAmount 1.1470966736302852e-23
# Tdep fromInlet status found T 597.02726818653287 x 0.54001330941261605 peak 3.6862391465930908e-09 xPeak 0.55999999999999994 threshold 3.6862391465930912e-12 searchFrom 0.02
# Tdep fromPeak status found T 597.02726818653287 x 0.54001330941261605 peak 3.6862391465930908e-09 xPeak 0.55999999999999994 threshold 3.6862391465930912e-12
# Tpeak 560.73800869032243 K at x 0.55999999999999994 m; bin maximum of observable
# columns x_lo x_hi x gas wall sample observable Twall wallArea sampleGas
# units m m m mol/m mol/m mol/m mol/m K m2/m mol/m
-0.0050000000000000001 0.0049999999999999984 -8.6736173798840355e-19 1.6504560900684236e-32 0 0 0 1154.5623673618734 0.00010915235727128012 0
0.0049999999999999984 0.014999999999999996 0.0099999999999999967 3.731839410432497e-30 0 0 0 1154.5623673618734 0.00021830471454256024 0
0.014999999999999996 0.024999999999999994 0.019999999999999997 7.1011850456046768e-28 0 0 0 1144.5108078203718 0.00021830471454256024 0
0.024999999999999994 0.034999999999999996 0.029999999999999995 1.2786399364102119e-25 0 0 0 1114.1236691303659 0.00021830471454256027 0
0.034999999999999996 0.044999999999999991 0.039999999999999994 2.134872328682924e-23 0 0 0 1080.7213787256435 0.0002183047145425603 0
0.044999999999999991 0.054999999999999993 0.049999999999999989 3.3386525663648365e-21 0 0 0 1058.0104741340567 0.00021830471454256027 0
0.054999999999999993 0.064999999999999988 0.059999999999999991 5.0221621408502765e-19 0 0 0 1055.6441320691104 0.0002183047145425603 0
0.064999999999999988 0.074999999999999983 0.069999999999999979 8.578981513675141e-17 0 0 0 1065.3458043246985 0.0002183047145425603 0
0.074999999999999983 0.084999999999999978 0.079999999999999988 1.589863241189525e-14 0 0 0 1081.6040502867154 0.00021830471454256032 0
0.084999999999999978 0.094999999999999973 0.089999999999999969 2.0782065192560783e-12 0 0 0 1098.6922872432781 0.0002183047145425603 0
0.094999999999999973 0.10499999999999998 0.099999999999999978 1.0924250622196305e-11 0 0 0 1112.0343765338403 0.00021830471454256027 0
0.10499999999999998 0.11499999999999998 0.10999999999999999 1.334710761355739e-11 0 0 0 1118.9598732889278 0.00021830471454256032 0
0.11499999999999998 0.12499999999999997 0.11999999999999997 1.3302533819870088e-11 0 0 0 1122.5884717651138 0.00021830471454256032 0
0.12499999999999997 0.13499999999999998 0.12999999999999998 1.3296704938751164e-11 0 0 0 1123.0807074672628 0.00021830471454256032 0
0.13499999999999998 0.14499999999999999 0.13999999999999999 1.3338080101003693e-11 0 0 0 1119.5232529839343 0.00021830471454256027 0
0.14499999999999999 0.15499999999999997 0.14999999999999997 1.3414202855401412e-11 0 0 0 1113.2098551978199 0.00021830471454256035 0
0.15499999999999997 0.16499999999999995 0.15999999999999998 1.354986405567497e-11 0 0 0 1101.9840509337673 0.0002183047145425603 0
0.16499999999999995 0.17499999999999996 0.16999999999999996 1.3727769822118544e-11 0 0 0 1087.5749486289301 0.00021830471454256032 0
0.17499999999999996 0.18499999999999997 0.17999999999999997 1.3887307595643261e-11 0 0 0 1075.2056681650924 0.00021830471454256032 0
0.18499999999999997 0.19499999999999995 0.18999999999999995 1.4063097663638551e-11 0 0 0 1061.7673229649449 0.0002183047145425603 0
0.19499999999999995 0.20499999999999993 0.19999999999999996 1.425844754725423e-11 0 0 0 1047.1512474441799 0.0002183047145425603 0
0.20499999999999993 0.21499999999999997 0.20999999999999996 1.4404578180531094e-11 0 0 0 1036.5145153186893 0.00021830471454256035 0
0.21499999999999997 0.22499999999999998 0.21999999999999997 1.4534570123525442e-11 0 0 0 1027.3020557338543 0.00021830471454256032 0
0.22499999999999998 0.23499999999999996 0.22999999999999998 1.4660298999834993e-11 0 0 0 1018.5426309973923 0.0002183047145425603 0
0.23499999999999996 0.24499999999999994 0.23999999999999994 1.4784627117669106e-11 0 0 0 1009.9178674835873 0.0002183047145425603 0
0.24499999999999994 0.25499999999999995 0.24999999999999994 1.4903293818486963e-11 0 0 0 1001.8668096865016 0.00021830471454256038 0
0.25499999999999995 0.26499999999999996 0.25999999999999995 1.5015682888350808e-11 0 0 0 994.43136052432794 0.00021830471454256032 0
0.26499999999999996 0.27499999999999997 0.26999999999999996 1.5146328567456409e-11 0 0 0 985.83260226609343 0.00021830471454256027 0
0.27499999999999997 0.28499999999999992 0.27999999999999992 1.5311542339956667e-11 0 0 0 975.11795909633599 0.0002183047145425603 0
0.28499999999999992 0.29499999999999998 0.28999999999999992 1.549924168705209e-11 0 0 0 963.38307755524283 0.0002183047145425603 0
0.29499999999999998 0.30499999999999994 0.29999999999999993 1.5757341218464732e-11 0 0 0 947.56612575643885 0.0002183047145425603 0
0.30499999999999994 0.31499999999999995 0.30999999999999994 1.6035529537414224e-11 0 0 0 931.10679671738114 0.00021830471454256027 0
0.31499999999999995 0.3249999999999999 0.31999999999999995 1.6325091403398527e-11 0 0 0 914.49725927458439 0.0002183047145425603 0
0.3249999999999999 0.33499999999999991 0.3299999999999999 1.6600337833306325e-11 0 0 0 899.33417849179295 0.00021830471454256027 0
0.33499999999999991 0.34499999999999997 0.33999999999999997 1.6842846355803028e-11 0 0 0 886.44846090802935 0.00021830471454256035 0
0.34499999999999997 0.35499999999999993 0.34999999999999998 1.7084804803296007e-11 0 0 0 873.99130499003877 0.0002183047145425603 0
0.35499999999999993 0.36499999999999994 0.35999999999999993 1.7388215245708842e-11 0 0 0 858.61979708738193 0.00021830471454256027 0
0.36499999999999994 0.37499999999999994 0.36999999999999994 1.7686085008737649e-11 0 0 0 844.0987172832647 0.00021830471454256032 0
0.37499999999999994 0.38499999999999995 0.37999999999999995 1.7948497256141813e-11 0 0 0 831.8220707404364 0.00021830471454256027 0
0.38499999999999995 0.39499999999999991 0.3899999999999999 1.8221540473197432e-11 0 0 0 819.43901783468243 0.0002183047145425603 0
0.39499999999999991 0.40499999999999992 0.39999999999999991 1.8556066818600293e-11 0 0 0 804.62469119524451 0.00021830471454256027 0
0.40499999999999992 0.41499999999999987 0.40999999999999992 1.8930652503187665e-11 0 0 0 788.6314821464988 0.00021830471454256027 0
0.41499999999999987 0.42499999999999993 0.41999999999999993 1.9312284725068671e-11 0 0 0 773.11068376791172 0.00021830471454256035 0
0.42499999999999993 0.43499999999999994 0.42999999999999994 1.9709060304990735e-11 0 0 0 757.54454364048991 0.00021830471454256027 0
0.43499999999999994 0.4449999999999999 0.43999999999999995 2.0106560299172658e-11 0 0 0 742.61475450869614 0.0002183047145425603 0
0.4449999999999999 0.45499999999999996 0.44999999999999996 2.0527125708726404e-11 0 0 0 727.37672687829354 0.0002183047145425603 0
0.45499999999999996 0.46499999999999991 0.45999999999999996 2.0949362568377247e-11 0 0 0 712.67953792875528 0.0002183047145425603 0
0.46499999999999991 0.47499999999999992 0.46999999999999992 2.137277925735013e-11 0 0 0 698.53032459880899 0.00021830471454256032 0
0.47499999999999992 0.48499999999999988 0.47999999999999987 2.1857735904154803e-11 0 0 0 682.97998816905067 0.0002183047145425603 0
0.48499999999999988 0.49499999999999988 0.48999999999999988 2.2341723878425285e-11 0 0 0 668.29555542856451 0.00021830471454256027 0
0.49499999999999988 0.50499999999999989 0.49999999999999989 2.278069348707784e-11 0 0 0 655.53724296627047 0.00021830471454256027 0
0.50499999999999989 0.5149999999999999 0.5099999999999999 2.3273217728886711e-11 0 0 0 641.7275789750023 0.00021830471454256027 0
0.5149999999999999 0.52499999999999991 0.51999999999999991 2.380748980010294e-11 0 0 0 627.35435166346383 0.00021830471454256027 0
0.52499999999999991 0.53499999999999992 0.52999999999999992 2.4357502860182188e-11 0 0 0 613.15034618929553 0.00021830471454256027 0
0.53499999999999992 0.54499999999999982 0.53999999999999981 2.4873659159325118e-11 0 0 0 597.04983003887287 0.0002183047145425603 0
0.54499999999999982 0.55499999999999994 0.54999999999999982 2.1235336407095984e-11 2.7696482578790547e-09 0 2.7696482578790547e-09 580.09802833988613 0.00021830471454256032 0
0.55499999999999994 0.56499999999999995 0.55999999999999994 1.1994545545170783e-11 3.6862391465930908e-09 0 3.6862391465930908e-09 560.73800869032243 0.00021830471454256027 0
0.56499999999999995 0.57499999999999984 0.56999999999999984 7.9728517143335513e-12 1.2252353366370161e-09 0 1.2252353366370161e-09 544.26716365864627 0.00021830471454256032 0
0.57499999999999984 0.58499999999999996 0.57999999999999985 6.6250881915171325e-12 5.4328769956592258e-10 0 5.4328769956592258e-10 526.08363293637183 0.00021830471454256027 0
0.58499999999999996 0.59499999999999997 0.58999999999999997 6.3131715857622514e-12 1.5971610177016611e-10 0 1.5971610177016611e-10 508.81949603586366 0.00021830471454256027 0
0.59499999999999997 0.60499999999999987 0.59999999999999987 6.3832474669591635e-12 4.8998680975285679e-11 0 4.8998680975285679e-11 490.15542922814188 0.00021830471454256032 0
0.60499999999999987 0.61499999999999988 0.60999999999999988 6.5865921261718368e-12 1.1459291639458942e-11 0 1.1459291639458942e-11 470.91532464062931 0.00021830471454256027 0
0.61499999999999988 0.62499999999999989 0.61999999999999988 6.5884144103794945e-12 2.1725194842802704e-12 0 2.1725194842802704e-12 451.79448642587278 0.00021830471454256027 0
0.62499999999999989 0.6349999999999999 0.62999999999999989 3.1426938305531425e-12 1.5147593340225137e-09 0 1.5147593340225137e-09 425.91694283199405 0.00021830471454256027 0
0.6349999999999999 0.64499999999999991 0.6399999999999999 2.6816709055039314e-13 6.1679221987238957e-10 0 6.1679221987238957e-10 392.99291483300613 0.00021830471454256032 0
0.64499999999999991 0.6549999999999998 0.64999999999999991 1.2188146567565741e-14 3.8358567770844686e-11 0 3.8358567770844686e-11 359.73075246955591 0.0002183047145425603 0
0.6549999999999998 0.66499999999999992 0.65999999999999992 3.9774606198963591e-16 1.0323744778700699e-12 0 1.0323744778700699e-12 335.19706043054686 0.00021830471454256032 0
0.66499999999999992 0.67499999999999982 0.66999999999999993 2.5686856295579628e-17 3.0410751135264412e-14 0 3.0410751135264412e-14 321.46834789246873 0.0002183047145425603 0
0.67499999999999982 0.68499999999999983 0.67999999999999983 5.4560412440427239e-18 3.1779021094052709e-15 0 3.1779021094052709e-15 312.85332375747225 0.00021830471454256027 0
0.68499999999999983 0.69499999999999995 0.68999999999999995 1.9772396125373742e-18 6.6056594849637594e-16 0 6.6056594849637594e-16 307.19312245452346 0.00021830471454256032 0
0.69499999999999995 0.70499999999999985 0.69999999999999996 1.3225176773207968e-18 8.5953700419500805e-17 0 8.5953700419500805e-17 305.20102137846635 0.0002183047145425603 0
0.70499999999999985 0.71499999999999986 0.70999999999999985 9.9793679158148585e-19 6.3995380043505517e-17 0 6.3995380043505517e-17 303.50044114136358 0.00021830471454256032 0
0.71499999999999986 0.72499999999999987 0.71999999999999986 7.9225275839563194e-19 4.4084177979313901e-17 0 4.4084177979313901e-17 302.16923163725647 0.00021830471454256027 0
0.72499999999999987 0.73499999999999988 0.72999999999999987 6.2568214761107605e-19 2.9333060957317336e-17 0 2.9333060957317336e-17 300.91658754420752 0.00021830471454256027 0
0.73499999999999988 0.74499999999999988 0.73999999999999988 5.1760226543580148e-19 1.9856129359866669e-17 0 1.9856129359866669e-17 299.81639555370418 0.00021830471454256027 0
0.74499999999999988 0.75499999999999989 0.74999999999999989 4.0719060809367151e-19 2.8619597133568349e-17 0 2.8619597133568349e-17 298.38813506979028 0.00021830471454256027 0
0.75499999999999989 0.7649999999999999 0.7599999999999999 3.6571321556758585e-19 5.9030341547296767e-18 0 5.9030341547296767e-18 298.05946700308215 0.00021830471454256027 0
0.7649999999999999 0.77499999999999991 0.76999999999999991 3.5999991722358281e-19 3.7797381907205759e-20 0 3.7797381907205759e-20 298.20370095604238 0.00021830471454256027 0
0.77499999999999991 0.78499999999999981 0.7799999999999998 3.569763104199626e-19 4.3466989193308861e-19 0 4.3466989193308861e-19 297.73836443468707 0.00021830471454256032 0
0.78499999999999981 0.79499999999999982 0.78999999999999981 3.4598129276278533e-19 3.1225858279561921e-18 0 3.1225858279561921e-18 297.65517528099844 0.00021830471454256027 0
0.79499999999999982 0.80499999999999994 0.79999999999999982 3.4370154530462416e-19 0 0 0 297.73836443468707 0.00021830471454256032 0
0.80499999999999994 0.81499999999999984 0.80999999999999983 3.4370081624780944e-19 0 0 0 297.73836443468718 0.0002183047145425603 0
0.81499999999999984 0.82499999999999984 0.81999999999999984 3.4370077902485729e-19 0 0 0 297.73836443468707 0.00021830471454256027 0
0.82499999999999984 0.83499999999999974 0.82999999999999985 3.437007462762008e-19 0 0 0 297.73836443468713 0.0002183047145425603 0
0.83499999999999974 0.84499999999999986 0.83999999999999986 3.4370071354349264e-19 0 0 0 297.73836443468713 0.00021830471454256032 0
0.84499999999999986 0.85499999999999987 0.84999999999999987 3.4370068081063647e-19 0 0 0 297.73836443468713 0.00021830471454256027 0
0.85499999999999987 0.86499999999999977 0.85999999999999988 3.437006480782899e-19 0 0 0 297.73836443468718 0.0002183047145425603 0
0.86499999999999977 0.87499999999999989 0.86999999999999988 3.4370061534490227e-19 0 0 0 297.73836443468713 0.00021830471454256032 0
0.87499999999999989 0.8849999999999999 0.87999999999999989 3.4370058261258315e-19 0 0 0 297.73836443468713 0.00021830471454256027 0
0.8849999999999999 0.8949999999999998 0.8899999999999999 3.4370054987903187e-19 0 0 0 297.73836443468713 0.0002183047145425603 0
0.8949999999999998 0.9049999999999998 0.8999999999999998 3.43700517090985e-19 0 0 0 297.73836443468707 0.00021830471454256027 0
0.9049999999999998 0.91499999999999992 0.90999999999999992 3.437004841632071e-19 0 0 0 297.73836443468713 0.00021830471454256027 0
0.91499999999999992 0.92499999999999982 0.91999999999999993 3.43700451430565e-19 0 0 0 297.73836443468713 0.0002183047145425603 0
0.92499999999999982 0.93499999999999983 0.92999999999999983 3.4370041869742298e-19 0 0 0 297.73836443468707 0.00021830471454256032 0
0.93499999999999983 0.94499999999999984 0.93999999999999984 3.4370038596462964e-19 0 0 0 297.73836443468718 0.00021830471454256024 0
0.94499999999999984 0.95499999999999985 0.94999999999999984 3.4370035323160698e-19 0 0 0 297.73836443468713 0.00021830471454256027 0
0.95499999999999985 0.96499999999999986 0.95999999999999985 3.4370032049882679e-19 0 0 0 297.73836443468713 0.00021830471454256032 0
0.96499999999999986 0.97499999999999976 0.96999999999999975 3.4370028776593721e-19 0 0 0 297.73836443468718 0.0002183047145425603 0
0.97499999999999976 0.98499999999999988 0.97999999999999976 3.437002550330443e-19 0 0 0 297.73836443468713 0.00021830471454256032 0
0.98499999999999988 0.99499999999999977 0.98999999999999977 3.4370022230027504e-19 0 0 0 297.73836443468713 0.0002183047145425603 0
0.99499999999999977 1.0049999999999999 0.99999999999999978 3.4370018956728045e-19 0 0 0 297.73836443468701 0.00021830471454256032 0
1.0049999999999999 1.0149999999999999 1.0099999999999998 3.4370015683418879e-19 0 0 0 297.73836443468707 0.00021830471454256027 0
1.0149999999999999 1.0249999999999999 1.02 3.4370012410097873e-19 0 0 0 297.73836443468713 0.00021830471454256027 0
1.0249999999999999 1.0349999999999999 1.0299999999999998 3.4370009136784224e-19 0 0 0 297.73836443468707 0.00021830471454256027 0
1.0349999999999999 1.0449999999999999 1.04 3.4370005855137626e-19 0 0 0 297.73836443468701 0.00021830471454256032 0
1.0449999999999999 1.0549999999999999 1.0499999999999998 3.437000256515929e-19 0 0 0 297.73836443468713 0.00021830471454256027 0
1.0549999999999999 1.0649999999999997 1.0599999999999998 3.43699992918302e-19 0 0 0 297.73836443468713 0.0002183047145425603 0
1.0649999999999997 1.075 1.0699999999999998 3.4369996018517337e-19 0 0 0 297.73836443468713 0.0002183047145425603 0
1.075 1.085 1.0800000000000001 3.436999274519935e-19 0 0 0 297.73836443468713 0.00021830471454256027 0
1.085 1.0949999999999998 1.0899999999999999 3.4369989471885643e-19 0 0 0 297.73836443468713 0.0002183047145425603 0
1.0949999999999998 1.105 1.0999999999999999 3.4369986198577151e-19 0 0 0 297.73836443468718 0.00021830471454256027 0
1.105 1.115 1.1099999999999999 3.4369982925273421e-19 0 0 0 297.73836443468713 0.00021830471454256032 0
1.115 1.1249999999999998 1.1199999999999999 3.4369979651970288e-19 0 0 0 297.73836443468713 0.0002183047145425603 0
1.1249999999999998 1.135 1.1299999999999999 3.4369976378662355e-19 0 0 0 297.73836443468713 0.0002183047145425603 0
1.135 1.145 1.1400000000000001 3.4369973105364354e-19 0 0 0 297.73836443468713 0.00021830471454256027 0
1.145 1.1549999999999998 1.1499999999999999 3.4369969832073557e-19 0 0 0 297.73836443468713 0.0002183047145425603 0
1.1549999999999998 1.165 1.1599999999999999 3.4369966558782379e-19 0 0 0 297.73836443468713 0.0002183047145425603 0
1.165 1.175 1.1699999999999999 3.436996328550553e-19 0 0 0 297.73836443468713 0.00021830471454256032 0
1.175 1.1849999999999998 1.1799999999999999 3.436996000114364e-19 0 0 0 297.73836443468713 0.0002183047145425603 0
1.1849999999999998 1.1950000000000001 1.1899999999999999 3.436995671400243e-19 0 0 0 297.73836443468718 0.0002183047145425603 0
1.1950000000000001 1.2049999999999998 1.2 3.4369953440745139e-19 0 0 0 297.73836443468707 0.00021830471454256035 0
1.2049999999999998 1.2149999999999999 1.21 3.4369950167482556e-19 0 0 0 297.73836443468713 0.00021830471454256027 0
1.2149999999999999 1.2249999999999999 1.2199999999999998 3.4369946894213512e-19 0 0 0 297.73836443468707 0.00021830471454256032 0
1.2249999999999999 1.2349999999999999 1.23 3.4369943620933355e-19 0 0 0 297.73836443468713 0.00021830471454256027 0
1.2349999999999999 1.2449999999999999 1.2399999999999998 3.4369940347632326e-19 0 0 0 297.73836443468713 0.00021830471454256032 0
1.2449999999999999 1.2549999999999999 1.25 1.7184968989703644e-19 0 0 0 297.73836443468718 0.00010915235727128256 0
