# axial profiles of the pair PbI2_g -> PbI2_s, bin set native (rhoFixedFlowFoam, axialProfiles.H)
# time 79.999999999994955 directory 80 reason write time
# molarMass 0.46100893999999998
# axis (1 0 0) origin (0 0 0)
# nBins 126
# inventory gas 4.006806929587678e-11 wall 2.4007362151060366e-09 sample 0
# binned gas 4.006806929587678e-11 wall 2.400736215106037e-09 sample 0
# outside gas 0 wall 0 sample 0
# observable wall
# fraction 0.001
# significance 1e-13 minimumAmount 2.4408042844019135e-22
# Tdep fromInlet status found T 665.92156191907236 x 0.34402311330923352 peak 7.885118798572497e-08 xPeak 0.36999999999999994 threshold 7.8851187985724974e-11 searchFrom 0.02
# Tdep fromPeak status found T 665.92156191907236 x 0.34402311330923352 peak 7.885118798572497e-08 xPeak 0.36999999999999994 threshold 7.8851187985724974e-11
# Tpeak 623.87813859893333 K at x 0.36999999999999994 m; bin maximum of observable
# columns x_lo x_hi x gas wall sample observable Twall wallArea sampleGas
# units m m m mol/m mol/m mol/m mol/m K m2/m mol/m
-0.0050000000000000001 0.0049999999999999984 -8.6736173798840355e-19 1.3352714543323102e-12 0 0 0 1124.6398688915374 0.00010478626298042893 0
0.0049999999999999984 0.014999999999999996 0.0099999999999999967 2.8641444743707944e-12 0 0 0 1124.6398688915374 0.00020957252596085787 0
0.014999999999999996 0.024999999999999994 0.019999999999999997 3.5694302299061724e-12 0 0 0 1123.2544391464862 0.00020957252596085787 0
0.024999999999999994 0.034999999999999996 0.029999999999999995 5.4789930135454125e-12 0 0 0 1113.8452806712346 0.00020957252596085787 0
0.034999999999999996 0.044999999999999991 0.039999999999999994 8.6625733680634353e-12 0 0 0 1102.0795144579361 0.00020957252596085784 0
0.044999999999999991 0.054999999999999993 0.049999999999999989 1.3187524099866896e-11 0 0 0 1089.8486244352205 0.00020957252596085787 0
0.054999999999999993 0.064999999999999988 0.059999999999999991 1.9617788249118397e-11 0 0 0 1074.1906724507721 0.00020957252596085784 0
0.064999999999999988 0.074999999999999983 0.069999999999999979 2.728059012454959e-11 0 0 0 1059.5504667350558 0.00020957252596085789 0
0.074999999999999983 0.084999999999999978 0.079999999999999988 3.578258532774455e-11 0 0 0 1046.3060721296572 0.00020957252596085784 0
0.084999999999999978 0.094999999999999973 0.089999999999999969 4.4697832336792416e-11 0 0 0 1035.0060569162681 0.00020957252596085789 9.2088754755599391e-12
0.094999999999999973 0.10499999999999998 0.099999999999999978 5.3870914968590558e-11 0 0 0 1024.9280498157236 0.00020957252596085789 2.4451466810360347e-11
0.10499999999999998 0.11499999999999998 0.10999999999999999 6.3123507114306072e-11 0 0 0 1015.5970488813163 0.00020957252596085784 0
0.11499999999999998 0.12499999999999997 0.11999999999999997 7.2119283180461017e-11 0 0 0 1007.3373110343156 0.00020957252596085789 0
0.12499999999999997 0.13499999999999998 0.12999999999999998 8.0927415700676714e-11 0 0 0 999.03002119211033 0.00020957252596085787 0
0.13499999999999998 0.14499999999999999 0.13999999999999999 8.9678546250344217e-11 0 0 0 989.43876210669373 0.00020957252596085787 0
0.14499999999999999 0.15499999999999997 0.14999999999999997 9.8444793560679982e-11 0 0 0 977.60522328052082 0.00020957252596085784 0
0.15499999999999997 0.16499999999999995 0.15999999999999998 1.0744340824327754e-10 0 0 0 961.96823749868088 0.00020957252596085789 0
0.16499999999999995 0.17499999999999996 0.16999999999999996 1.1578884229507307e-10 0 0 0 945.81303676018683 0.00020957252596085789 0
0.17499999999999996 0.18499999999999997 0.17999999999999997 1.2371118973045633e-10 0 0 0 927.88530683086788 0.00020957252596085787 0
0.18499999999999997 0.19499999999999995 0.18999999999999995 1.3056940795212603e-10 0 0 0 911.12737020745908 0.00020957252596085784 0
0.19499999999999995 0.20499999999999993 0.19999999999999996 1.3634495669997586e-10 0 0 0 895.99376448214218 0.00020957252596085784 0
0.20499999999999993 0.21499999999999997 0.20999999999999996 1.4101188890567206e-10 0 0 0 883.18557399041993 0.00020957252596085787 0
0.21499999999999997 0.22499999999999998 0.21999999999999997 1.4565995945390688e-10 0 0 0 867.7492476744078 0.00020957252596085787 0
0.22499999999999998 0.23499999999999996 0.22999999999999998 1.4984326390167851e-10 0 0 0 852.26543528744105 0.00020957252596085784 0
0.23499999999999996 0.24499999999999994 0.23999999999999994 1.5368248132747552e-10 0 0 0 836.71637584154337 0.00020957252596085784 0
0.24499999999999994 0.25499999999999995 0.24999999999999994 1.574724743537724e-10 0 0 0 819.9770846136895 0.00020957252596085787 0
0.25499999999999995 0.26499999999999996 0.25999999999999995 1.6090733018955874e-10 0 0 0 803.78205101145534 0.00020957252596085789 0
0.26499999999999996 0.27499999999999997 0.26999999999999996 1.6420903849716243e-10 0 0 0 787.35496838943106 0.00020957252596085787 0
0.27499999999999997 0.28499999999999992 0.27999999999999992 1.6692534467838802e-10 0 0 0 772.89677486063545 0.00020957252596085787 0
0.28499999999999992 0.29499999999999998 0.28999999999999992 1.7049237738562172e-10 0 0 0 753.91570057253273 0.00020957252596085787 0
0.29499999999999998 0.30499999999999994 0.29999999999999993 1.7441093460196609e-10 0 0 0 733.33035581515742 0.00020957252596085787 0
0.30499999999999994 0.31499999999999995 0.30999999999999994 1.7663520470865077e-10 0 0 0 719.88793869008452 0.00020957252596085789 0
0.31499999999999995 0.3249999999999999 0.31999999999999995 1.7899521364900562e-10 0 0 0 705.25027951423385 0.00020957252596085787 0
0.3249999999999999 0.33499999999999991 0.3299999999999999 1.8212583149254035e-10 0 0 0 687.54661881238849 0.00020957252596085787 0
0.33499999999999991 0.34499999999999997 0.33999999999999997 1.8475665917110865e-10 0 0 0 672.14468972855252 0.00020957252596085787 0
0.34499999999999997 0.35499999999999993 0.34999999999999998 1.8745520311347131e-10 1.9599544413713636e-10 0 1.9599544413713636e-10 656.67625190156593 0.00020957252596085784 0
0.35499999999999993 0.36499999999999994 0.35999999999999993 1.5011550430631422e-10 7.7131678884350852e-08 0 7.7131678884350852e-08 639.57945571028472 0.00020957252596085789 0
0.36499999999999994 0.37499999999999994 0.36999999999999994 7.2714146977129034e-11 7.885118798572497e-08 0 7.885118798572497e-08 623.87813859893333 0.00020957252596085789 0
0.37499999999999994 0.38499999999999995 0.37999999999999995 3.3724521770224658e-11 4.556189987262514e-08 0 4.556189987262514e-08 607.83756628105982 0.00020957252596085787 0
0.38499999999999995 0.39499999999999991 0.3899999999999999 1.3504213368980633e-11 2.270260803459344e-08 0 2.270260803459344e-08 590.1120930698595 0.00020957252596085787 0
0.39499999999999991 0.40499999999999992 0.39999999999999991 4.9734878209857656e-12 1.0040951491740659e-08 0 1.0040951491740659e-08 571.86142030093822 0.00020957252596085787 0
0.40499999999999992 0.41499999999999987 0.40999999999999992 1.9000044934505549e-12 3.5442730928600412e-09 0 3.5442730928600412e-09 555.47219158016526 0.00020957252596085787 0
0.41499999999999987 0.42499999999999993 0.41999999999999993 5.9814453771621615e-13 1.4605978267481857e-09 0 1.4605978267481857e-09 535.80624769632936 0.00020957252596085784 0
0.42499999999999993 0.43499999999999994 0.42999999999999994 1.5065764911954176e-13 4.3581187198971294e-10 0 4.3581187198971294e-10 515.77301489843046 0.00020957252596085787 0
0.43499999999999994 0.4449999999999999 0.43999999999999995 3.5605555092035636e-14 1.1390339156804872e-10 0 1.1390339156804872e-10 496.24387166615992 0.00020957252596085787 0
0.4449999999999999 0.45499999999999996 0.44999999999999996 7.2390727260427793e-15 2.8169656657717613e-11 0 2.8169656657717613e-11 475.5481237480962 0.00020957252596085787 0
0.45499999999999996 0.46499999999999991 0.45999999999999996 1.0895787956965029e-15 5.5587031398368381e-12 0 5.5587031398368381e-12 453.53567660966627 0.00020957252596085787 0
0.46499999999999991 0.47499999999999992 0.46999999999999992 1.0546249187554759e-16 8.7838116071346477e-13 0 8.7838116071346477e-13 429.10790827235917 0.00020957252596085789 0
0.47499999999999992 0.48499999999999988 0.47999999999999987 5.1304923538449479e-18 1.0009518755655162e-13 0 1.0009518755655162e-13 397.12921905025797 0.00020957252596085787 0
0.48499999999999988 0.49499999999999988 0.48999999999999988 5.8910982152410652e-20 6.4292809057809731e-15 0 6.4292809057809731e-15 362.88980224943521 0.00020957252596085787 0
0.49499999999999988 0.50499999999999989 0.49999999999999989 9.5698868687456108e-22 3.3287634219707708e-16 0 3.3287634219707708e-16 338.50390372081199 0.00020957252596085787 0
0.50499999999999989 0.5149999999999999 0.5099999999999999 4.0074007412872794e-23 1.5283669513929062e-17 0 1.5283669513929062e-17 323.32817572063806 0.00020957252596085787 0
0.5149999999999999 0.52499999999999991 0.51999999999999991 4.9720143667208081e-24 6.4985137949985255e-19 0 6.4985137949985255e-19 313.54259834341786 0.00020957252596085787 0
0.52499999999999991 0.53499999999999992 0.52999999999999992 1.7570550886367695e-24 2.6901956189310388e-20 0 2.6901956189310388e-20 308.75991469641485 0.00020957252596085789 0
0.53499999999999992 0.54499999999999982 0.53999999999999981 9.0513719768257758e-25 1.4885277329837284e-21 0 1.4885277329837284e-21 305.50353630607628 0.00020957252596085784 0
0.54499999999999982 0.55499999999999994 0.54999999999999982 5.2932346188520979e-25 2.0955976612809833e-22 0 2.0955976612809833e-22 303.07712142877648 0.00020957252596085787 0
0.55499999999999994 0.56499999999999995 0.55999999999999994 3.3235981979159537e-25 1.0298657299837447e-22 0 1.0298657299837447e-22 300.93117632900635 0.00020957252596085787 0
0.56499999999999995 0.57499999999999984 0.56999999999999984 2.5909638231991094e-25 4.5633686606732741e-23 0 4.5633686606732741e-23 299.79276995006546 0.00020957252596085789 0
0.57499999999999984 0.58499999999999996 0.57999999999999985 1.9629730409869108e-25 3.1664568333272642e-23 0 3.1664568333272642e-23 298.54290816022012 0.00020957252596085787 0
0.58499999999999996 0.59499999999999997 0.58999999999999997 1.7040164779314445e-25 9.2324131817819163e-24 0 9.2324131817819163e-24 298.0936844391407 0.00020957252596085787 0
0.59499999999999997 0.60499999999999987 0.59999999999999987 1.442935215832567e-25 1.5799236315365903e-23 0 1.5799236315365903e-23 297.42377004905057 0.00020957252596085784 0
0.60499999999999987 0.61499999999999988 0.60999999999999988 1.2819771789179851e-25 1.1881480687130746e-23 0 1.1881480687130746e-23 296.67367058098358 0.00020957252596085787 0
0.61499999999999988 0.62499999999999989 0.61999999999999988 1.1373852827676802e-25 4.1154843831343052e-24 0 4.1154843831343052e-24 296.65390094145289 0.00020957252596085787 0
0.62499999999999989 0.6349999999999999 0.62999999999999989 1.1195636558212825e-25 1.1897567209145028e-24 0 1.1897567209145028e-24 296.03438617401667 0.00020957252596085787 0
0.6349999999999999 0.64499999999999991 0.6399999999999999 1.0804203427896159e-25 0 0 0 296.03438617401662 0.00020957252596085789 0
0.64499999999999991 0.6549999999999998 0.64999999999999991 1.0240283260398355e-25 0 0 0 296.03438617401667 0.00020957252596085789 0
0.6549999999999998 0.66499999999999992 0.65999999999999992 9.6786597446795089e-26 2.1878157045753764e-24 0 2.1878157045753764e-24 295.96010806205311 0.00020957252596085787 0
0.66499999999999992 0.67499999999999982 0.66999999999999993 9.2252256623024326e-26 6.4949616355198274e-24 0 6.4949616355198274e-24 295.44009249150065 0.00020957252596085784 0
0.67499999999999982 0.68499999999999983 0.67999999999999983 9.0313906094785249e-26 2.7327108004721776e-24 0 2.7327108004721776e-24 295.51859626350699 0.00020957252596085787 0
0.68499999999999983 0.69499999999999995 0.68999999999999995 9.0266236335450142e-26 2.4624332553838617e-25 0 2.4624332553838617e-25 295.56756058800158 0.00020957252596085787 0
0.69499999999999995 0.70499999999999985 0.69999999999999996 9.0318635957352634e-26 2.8973392089126379e-26 0 2.8973392089126379e-26 295.44614423515139 0.00020957252596085784 0
0.70499999999999985 0.71499999999999986 0.70999999999999985 9.0391116197060544e-26 2.0601457426952908e-26 0 2.0601457426952908e-26 295.15732484114528 0.00020957252596085787 0
0.71499999999999986 0.72499999999999987 0.71999999999999986 9.0423050385130206e-26 1.0277980010201031e-27 0 1.0277980010201031e-27 295.08087008343256 0.00020957252596085789 0
0.72499999999999987 0.73499999999999988 0.72999999999999987 9.042333140501924e-26 2.4274023934068916e-29 0 2.4274023934068916e-29 295.08087008343261 0.00020957252596085787 0
0.73499999999999988 0.74499999999999988 0.73999999999999988 9.0423316330772445e-26 0 0 0 295.08087008343256 0.00020957252596085789 0
0.74499999999999988 0.75499999999999989 0.74999999999999989 9.0423294405783236e-26 0 0 0 295.08087008343256 0.00020957252596085787 0
0.75499999999999989 0.7649999999999999 0.7599999999999999 9.0423272412388923e-26 0 0 0 295.08087008343261 0.00020957252596085787 0
0.7649999999999999 0.77499999999999991 0.76999999999999991 9.0423250277231713e-26 0 0 0 295.08087008343261 0.00020957252596085787 0
0.77499999999999991 0.78499999999999981 0.7799999999999998 9.0423228269309082e-26 0 0 0 295.08087008343261 0.00020957252596085789 0
0.78499999999999981 0.79499999999999982 0.78999999999999981 9.0423206242896694e-26 0 0 0 295.08087008343261 0.00020957252596085789 0
0.79499999999999982 0.80499999999999994 0.79999999999999982 9.0423184193189808e-26 0 0 0 295.08087008343267 0.00020957252596085787 0
0.80499999999999994 0.81499999999999984 0.80999999999999983 9.0423162122742885e-26 0 0 0 295.08087008343267 0.00020957252596085784 0
0.81499999999999984 0.82499999999999984 0.81999999999999984 9.0423140031115781e-26 0 0 0 295.08087008343261 0.00020957252596085787 0
0.82499999999999984 0.83499999999999974 0.82999999999999985 9.0423117920935886e-26 0 0 0 295.08087008343261 0.00020957252596085789 0
0.83499999999999974 0.84499999999999986 0.83999999999999986 9.0423095794085105e-26 0 0 0 295.08087008343261 0.00020957252596085787 0
0.84499999999999986 0.85499999999999987 0.84999999999999987 9.0423073653065174e-26 0 0 0 295.08087008343256 0.00020957252596085789 0
0.85499999999999987 0.86499999999999977 0.85999999999999988 9.0423051500536534e-26 0 0 0 295.08087008343267 0.00020957252596085784 0
0.86499999999999977 0.87499999999999989 0.86999999999999988 9.0423029338645001e-26 0 0 0 295.08087008343261 0.00020957252596085787 0
0.87499999999999989 0.8849999999999999 0.87999999999999989 9.0423007169720523e-26 0 0 0 295.08087008343261 0.00020957252596085789 0
0.8849999999999999 0.8949999999999998 0.8899999999999999 9.0422984995306772e-26 0 0 0 295.08087008343261 0.00020957252596085789 0
0.8949999999999998 0.9049999999999998 0.8999999999999998 9.0422962779486509e-26 0 0 0 295.08087008343261 0.00020957252596085787 0
0.9049999999999998 0.91499999999999992 0.90999999999999992 9.0422940466712688e-26 0 0 0 295.08087008343261 0.00020957252596085787 0
0.91499999999999992 0.92499999999999982 0.91999999999999993 9.042291828382515e-26 0 0 0 295.08087008343261 0.00020957252596085784 0
0.92499999999999982 0.93499999999999983 0.92999999999999983 9.0422896099666058e-26 0 0 0 295.08087008343256 0.00020957252596085789 0
0.93499999999999983 0.94499999999999984 0.93999999999999984 9.0422873914749173e-26 0 0 0 295.08087008343267 0.00020957252596085787 0
0.94499999999999984 0.95499999999999985 0.94999999999999984 9.0422851729294432e-26 0 0 0 295.08087008343261 0.00020957252596085787 0
0.95499999999999985 0.96499999999999986 0.95999999999999985 9.0422829543538481e-26 0 0 0 295.08087008343256 0.00020957252596085789 0
0.96499999999999986 0.97499999999999976 0.96999999999999975 9.0422807357524598e-26 0 0 0 295.08087008343267 0.00020957252596085784 0
0.97499999999999976 0.98499999999999988 0.97999999999999976 9.0422785171355066e-26 0 0 0 295.08087008343267 0.00020957252596085787 0
0.98499999999999988 0.99499999999999977 0.98999999999999977 9.0422762985182871e-26 0 0 0 295.08087008343267 0.00020957252596085784 0
0.99499999999999977 1.0049999999999999 0.99999999999999978 9.0422740798998496e-26 0 0 0 295.08087008343261 0.00020957252596085787 0
1.0049999999999999 1.0149999999999999 1.0099999999999998 9.0422718612797557e-26 0 0 0 295.08087008343261 0.00020957252596085787 0
1.0149999999999999 1.0249999999999999 1.02 9.0422696426593885e-26 0 0 0 295.08087008343267 0.00020957252596085787 0
1.0249999999999999 1.0349999999999999 1.0299999999999998 9.0422674240345707e-26 0 0 0 295.08087008343256 0.00020957252596085789 0
1.0349999999999999 1.0449999999999999 1.04 9.0422651997631005e-26 0 0 0 295.08087008343261 0.00020957252596085787 0
1.0449999999999999 1.0549999999999999 1.0499999999999998 9.0422629698503079e-26 0 0 0 295.08087008343261 0.00020957252596085787 0
1.0549999999999999 1.0649999999999997 1.0599999999999998 9.0422607512290441e-26 0 0 0 295.08087008343267 0.00020957252596085784 0
1.0649999999999997 1.075 1.0699999999999998 9.0422585326004944e-26 0 0 0 295.08087008343256 0.00020957252596085789 0
1.075 1.085 1.0800000000000001 9.0422563139626968e-26 0 0 0 295.08087008343267 0.00020957252596085787 0
1.085 1.0949999999999998 1.0899999999999999 9.0422540953283156e-26 0 0 0 295.08087008343261 0.00020957252596085784 0
1.0949999999999998 1.105 1.0999999999999999 9.0422518767016427e-26 0 0 0 295.08087008343261 0.00020957252596085787 0
1.105 1.115 1.1099999999999999 9.0422496580729059e-26 0 0 0 295.08087008343261 0.00020957252596085787 0
1.115 1.1249999999999998 1.1199999999999999 9.0422474394389597e-26 0 0 0 295.08087008343256 0.00020957252596085789 0
1.1249999999999998 1.135 1.1299999999999999 9.0422452207985264e-26 0 0 0 295.08087008343256 0.00020957252596085787 0
1.135 1.145 1.1400000000000001 9.042243002154235e-26 0 0 0 295.08087008343256 0.00020957252596085789 0
1.145 1.1549999999999998 1.1499999999999999 9.0422407835145973e-26 0 0 0 295.08087008343261 0.00020957252596085789 0
1.1549999999999998 1.165 1.1599999999999999 9.0422385648845552e-26 0 0 0 295.08087008343261 0.00020957252596085787 0
1.165 1.175 1.1699999999999999 9.0422363462574542e-26 0 0 0 295.08087008343261 0.00020957252596085787 0
1.175 1.1849999999999998 1.1799999999999999 9.0422341201038798e-26 0 0 0 295.08087008343256 0.00020957252596085789 0
1.1849999999999998 1.1950000000000001 1.1899999999999999 9.0422318920704362e-26 0 0 0 295.08087008343256 0.00020957252596085787 0
1.1950000000000001 1.2049999999999998 1.2 9.0422296734430471e-26 0 0 0 295.08087008343261 0.00020957252596085789 0
1.2049999999999998 1.2149999999999999 1.21 9.0422274548109192e-26 0 0 0 295.08087008343261 0.00020957252596085787 0
1.2149999999999999 1.2249999999999999 1.2199999999999998 9.0422252361786272e-26 0 0 0 295.08087008343261 0.00020957252596085787 0
1.2249999999999999 1.2349999999999999 1.23 9.0422230175424172e-26 0 0 0 295.08087008343261 0.00020957252596085787 0
1.2349999999999999 1.2449999999999999 1.2399999999999998 9.0422207989119252e-26 0 0 0 295.08087008343261 0.00020957252596085787 0
1.2449999999999999 1.2549999999999999 1.25 4.5211095968718925e-26 0 0 0 295.08087008343261 0.00010478626298043125 0
