# axial profiles of the pair BiI3_g -> BiI3_s, bin set native (rhoFixedFlowFoam, axialProfiles.H)
# time 60.000000000027363 directory 60 reason write time
# molarMass 0.58969380999999998
# axis (1 0 0) origin (0 0 0)
# nBins 126
# inventory gas 1.0757306616777128e-13 wall 3.1574243587434811e-11 sample 0
# binned gas 1.0757306616777126e-13 wall 3.1574243587434811e-11 sample 0
# outside gas 0 wall 0 sample 0
# observable wall
# fraction 0.001
# significance 1e-13 minimumAmount 3.1681816653602582e-24
# Tdep fromInlet status found T 463.04363524531067 x 0.5600099999999999 peak 2.1342446086151759e-09 xPeak 0.56999999999999984 threshold 2.134244608615176e-12 searchFrom 0.02
# Tdep fromPeak status found T 463.04363524531067 x 0.5600099999999999 peak 2.1342446086151759e-09 xPeak 0.56999999999999984 threshold 2.134244608615176e-12
# Tpeak 439.5608318972009 K at x 0.56999999999999984 m; bin maximum of observable
# columns x_lo x_hi x gas wall sample observable Twall wallArea sampleGas
# units m m m mol/m mol/m mol/m mol/m K m2/m mol/m
-0.0050000000000000001 0.0049999999999999984 -8.6736173798840355e-19 6.0204629951527314e-90 0 0 0 1154.302993348115 0.00010478626298042893 0
0.0049999999999999984 0.014999999999999996 0.0099999999999999967 1.7524185964703131e-80 0 0 0 1154.302993348115 0.00020957252596085787 0
0.014999999999999996 0.024999999999999994 0.019999999999999997 1.5371537527964797e-70 0 0 0 1135.8602061407389 0.00020957252596085787 0
0.024999999999999994 0.034999999999999996 0.029999999999999995 1.1999189885812125e-60 0 0 0 1106.4823657028076 0.00020957252596085787 0
0.034999999999999996 0.044999999999999991 0.039999999999999994 3.5817443454327521e-51 0 0 0 1084.1152452756746 0.00020957252596085784 0
0.044999999999999991 0.054999999999999993 0.049999999999999989 4.5197070163660842e-42 0 0 0 1077.7836983536272 0.00020957252596085787 0
0.054999999999999993 0.064999999999999988 0.059999999999999991 2.6914847644035604e-33 0 0 0 1087.4389536837232 0.00020957252596085784 0
0.064999999999999988 0.074999999999999983 0.069999999999999979 7.6532760789649257e-25 0 0 0 1100.3353295937864 0.00020957252596085789 0
0.074999999999999983 0.084999999999999978 0.079999999999999988 1.4125303365159465e-22 0 0 0 1113.1517324120111 0.00020957252596085784 0
0.084999999999999978 0.094999999999999973 0.089999999999999969 4.4756742909185914e-22 0 0 0 1123.4653608381195 0.00020957252596085789 0
0.094999999999999973 0.10499999999999998 0.099999999999999978 4.9134483339602691e-22 0 0 0 1129.0473979174603 0.00020957252596085789 0
0.10499999999999998 0.11499999999999998 0.10999999999999999 4.9096821976732733e-22 0 0 0 1128.6787628077759 0.00020957252596085784 0
0.11499999999999998 0.12499999999999997 0.11999999999999997 4.8670397542692992e-22 0 0 0 1125.9752196799477 0.00020957252596085789 0
0.12499999999999997 0.13499999999999998 0.12999999999999998 4.7329127206049764e-22 0 0 0 1118.7566768471122 0.00020957252596085787 0
0.13499999999999998 0.14499999999999999 0.13999999999999999 4.4887479635068459e-22 0 0 0 1108.5308034373845 0.00020957252596085787 0
0.14499999999999999 0.15499999999999997 0.14999999999999997 4.1099697435522927e-22 0 0 0 1095.2061162415996 0.00020957252596085784 0
0.15499999999999997 0.16499999999999995 0.15999999999999998 3.6251211175169566e-22 0 0 0 1079.5631115304627 0.00020957252596085789 0
0.16499999999999995 0.17499999999999996 0.16999999999999996 3.1521871204358842e-22 0 0 0 1064.2781971120739 0.00020957252596085789 0
0.17499999999999996 0.18499999999999997 0.17999999999999997 2.7489496013112903e-22 0 0 0 1050.2433813506827 0.00020957252596085787 0
0.18499999999999997 0.19499999999999995 0.18999999999999995 2.4245124605282546e-22 0 0 0 1037.4390894462922 0.00020957252596085784 0
0.19499999999999995 0.20499999999999993 0.19999999999999996 2.2001001193687804e-22 0 0 0 1027.5362213778137 0.00020957252596085784 0
0.20499999999999993 0.21499999999999997 0.20999999999999996 2.0021618637131344e-22 0 0 0 1017.5639144607998 0.00020957252596085787 0
0.21499999999999997 0.22499999999999998 0.21999999999999997 1.8414542548645378e-22 0 0 0 1008.2393178003656 0.00020957252596085787 0
0.22499999999999998 0.23499999999999996 0.22999999999999998 1.697784377245476e-22 0 0 0 998.51411750159855 0.00020957252596085784 0
0.23499999999999996 0.24499999999999994 0.23999999999999994 1.5778058216033382e-22 0 0 0 989.10066504526071 0.00020957252596085784 0
0.24499999999999994 0.25499999999999995 0.24999999999999994 1.4636523312902437e-22 0 0 0 978.61455731031253 0.00020957252596085787 0
0.25499999999999995 0.26499999999999996 0.25999999999999995 1.3443938896561707e-22 0 0 0 964.98310550784618 0.00020957252596085789 0
0.26499999999999996 0.27499999999999997 0.26999999999999996 1.2382295722829576e-22 0 0 0 948.96016513586085 0.00020957252596085787 0
0.27499999999999997 0.28499999999999992 0.27999999999999992 1.1608962582229599e-22 0 0 0 932.80329097365529 0.00020957252596085787 0
0.28499999999999992 0.29499999999999998 0.28999999999999992 1.1254619294942108e-22 0 0 0 915.55609302381356 0.00020957252596085787 0
0.29499999999999998 0.30499999999999994 0.29999999999999993 1.1364988320312056e-22 0 0 0 898.97465478271022 0.00020957252596085787 0
0.30499999999999994 0.31499999999999995 0.30999999999999994 1.238234865903746e-22 0 0 0 883.97852607337131 0.00020957252596085789 0
0.31499999999999995 0.3249999999999999 0.31999999999999995 1.8575708402928174e-22 0 0 0 867.36611722294708 0.00020957252596085787 0
0.3249999999999999 0.33499999999999991 0.3299999999999999 3.03713762708942e-22 0 0 0 852.83938291799382 0.00020957252596085787 0
0.33499999999999991 0.34499999999999997 0.33999999999999997 5.0826048281062406e-22 0 0 0 838.12536400579859 0.00020957252596085787 0
0.34499999999999997 0.35499999999999993 0.34999999999999998 9.2727855072537432e-22 0 0 0 821.21055640845384 0.00020957252596085784 0
0.35499999999999993 0.36499999999999994 0.35999999999999993 1.6652669455090131e-21 0 0 0 805.87672823774142 0.00020957252596085789 0
0.36499999999999994 0.37499999999999994 0.36999999999999994 3.1745563404220683e-21 0 0 0 789.90594630887142 0.00020957252596085789 0
0.37499999999999994 0.38499999999999995 0.37999999999999995 9.5867971579579948e-19 0 0 0 773.7208877251461 0.00020957252596085787 0
0.38499999999999995 0.39499999999999991 0.3899999999999999 1.1940745189465893e-20 0 0 0 757.25534567865361 0.00020957252596085787 0
0.39499999999999991 0.40499999999999992 0.39999999999999991 2.5193189373278911e-20 0 0 0 741.22949414832408 0.00020957252596085787 0
0.40499999999999992 0.41499999999999987 0.40999999999999992 5.5517024269008044e-20 0 0 0 725.27589835008484 0.00020957252596085787 0
0.41499999999999987 0.42499999999999993 0.41999999999999993 7.3430655784299453e-18 0 0 0 709.09620491548515 0.00020957252596085784 0
0.42499999999999993 0.43499999999999994 0.42999999999999994 5.9444615058841934e-18 0 0 0 693.04744079270245 0.00020957252596085787 0
0.43499999999999994 0.4449999999999999 0.43999999999999995 7.0623731105913066e-19 0 0 0 677.0827612218477 0.00020957252596085787 0
0.4449999999999999 0.45499999999999996 0.44999999999999996 2.1707744735150557e-18 0 0 0 661.16565008170505 0.00020957252596085787 0
0.45499999999999996 0.46499999999999991 0.45999999999999996 2.8151275374608194e-17 0 0 0 645.48472514025832 0.00020957252596085787 0
0.46499999999999991 0.47499999999999992 0.46999999999999992 1.9561458148888875e-17 0 0 0 629.58094797048295 0.00020957252596085789 0
0.47499999999999992 0.48499999999999988 0.47999999999999987 6.5422065568872987e-17 0 0 0 614.05679501081397 0.00020957252596085787 0
0.48499999999999988 0.49499999999999988 0.48999999999999988 1.8457105532968486e-16 0 0 0 596.67938129268146 0.00020957252596085787 0
0.49499999999999988 0.50499999999999989 0.49999999999999989 4.9998131725203592e-16 0 0 0 579.96018063398822 0.00020957252596085787 0
0.50499999999999989 0.5149999999999999 0.5099999999999999 2.4294308002087752e-15 0 0 0 561.23725858341004 0.00020957252596085787 0
0.5149999999999999 0.52499999999999991 0.51999999999999991 1.2389560711549302e-14 0 0 0 542.21170108454044 0.00020957252596085787 0
0.52499999999999991 0.53499999999999992 0.52999999999999992 6.7144744781353218e-14 0 0 0 524.50143624940358 0.00020957252596085789 0
0.53499999999999992 0.54499999999999982 0.53999999999999981 4.6114174419478112e-13 0 0 0 504.81445713085526 0.00020957252596085784 0
0.54499999999999982 0.55499999999999994 0.54999999999999982 2.17327491920685e-12 0 0 0 483.72065400014549 0.00020957252596085787 0
0.55499999999999994 0.56499999999999995 0.55999999999999994 4.653486205592615e-12 0 0 0 463.06714155496843 0.00020957252596085787 0
0.56499999999999995 0.57499999999999984 0.56999999999999984 2.9012344620381463e-12 2.1342446086151759e-09 0 2.1342446086151759e-09 439.5608318972009 0.00020957252596085789 0
0.57499999999999984 0.58499999999999996 0.57999999999999985 4.5094124286693477e-13 9.1089701222396487e-10 0 9.1089701222396487e-10 411.96497070499737 0.00020957252596085787 0
0.58499999999999996 0.59499999999999997 0.58999999999999997 3.2995232984134383e-14 1.0601323084076779e-10 0 1.0601323084076779e-10 381.3025755151786 0.00020957252596085787 0
0.59499999999999997 0.60499999999999987 0.59999999999999987 1.3855449581494433e-15 6.0542315240796002e-12 0 6.0542315240796002e-12 351.8183714055973 0.00020957252596085784 0
0.60499999999999987 0.61499999999999988 0.60999999999999988 5.6806852371402883e-17 2.0467622297433824e-13 0 2.0467622297433824e-13 331.10641279851086 0.00020957252596085787 0
0.61499999999999988 0.62499999999999989 0.61999999999999988 5.0623811196056562e-18 8.7131294228973596e-15 0 8.7131294228973596e-15 319.35235744168398 0.00020957252596085787 0
0.62499999999999989 0.6349999999999999 0.62999999999999989 1.1662395390330535e-18 1.4122745622244281e-15 0 1.4122745622244281e-15 310.6276509015708 0.00020957252596085787 0
0.6349999999999999 0.64499999999999991 0.6399999999999999 4.9328343523356988e-19 2.8858517559972667e-16 0 2.8858517559972667e-16 305.93443489284596 0.00020957252596085789 0
0.64499999999999991 0.6549999999999998 0.64999999999999991 2.9771097768565868e-19 7.9782869869345085e-17 0 7.9782869869345085e-17 303.20784855419913 0.00020957252596085789 0
0.6549999999999998 0.66499999999999992 0.65999999999999992 1.9217082224722033e-19 4.5463385148338253e-17 0 4.5463385148338253e-17 300.83280588171789 0.00020957252596085787 0
0.66499999999999992 0.67499999999999982 0.66999999999999993 1.4785672247946915e-19 2.3857456949357653e-17 0 2.3857456949357653e-17 299.56199673789473 0.00020957252596085784 0
0.67499999999999982 0.68499999999999983 0.67999999999999983 1.2906274941407817e-19 1.0509049183031798e-17 0 1.0509049183031798e-17 298.69135125514839 0.00020957252596085787 0
0.68499999999999983 0.69499999999999995 0.68999999999999995 1.0712174621467118e-19 1.2385646995358988e-17 0 1.2385646995358988e-17 297.57948343797477 0.00020957252596085787 0
0.69499999999999995 0.70499999999999985 0.69999999999999996 9.3572359425360578e-20 5.0972192946360561e-18 0 5.0972192946360561e-18 296.8347522801696 0.00020957252596085784 0
0.70499999999999985 0.71499999999999986 0.70999999999999985 8.3705844583066978e-20 4.1715470275335335e-18 0 4.1715470275335335e-18 296.20986696230597 0.00020957252596085787 0
0.71499999999999986 0.72499999999999987 0.71999999999999986 8.1737376242831356e-20 3.5510402855154619e-19 0 3.5510402855154619e-19 296.15016703537816 0.00020957252596085789 0
0.72499999999999987 0.73499999999999988 0.72999999999999987 7.564315733695484e-20 3.7050906939834778e-18 0 3.7050906939834778e-18 295.92206614847794 0.00020957252596085787 0
0.73499999999999988 0.74499999999999988 0.73999999999999988 7.5245706797104371e-20 0 0 0 296.20986696230591 0.00020957252596085789 0
0.74499999999999988 0.75499999999999989 0.74999999999999989 7.5245019602637338e-20 0 0 0 296.20986696230597 0.00020957252596085787 0
0.75499999999999989 0.7649999999999999 0.7599999999999999 7.524500886078202e-20 0 0 0 296.20986696230597 0.00020957252596085787 0
0.7649999999999999 0.77499999999999991 0.76999999999999991 7.5245000434778352e-20 0 0 0 296.20986696230597 0.00020957252596085787 0
0.77499999999999991 0.78499999999999981 0.7799999999999998 7.5244992072208364e-20 0 0 0 296.20986696230591 0.00020957252596085789 0
0.78499999999999981 0.79499999999999982 0.78999999999999981 7.524498370954119e-20 0 0 0 296.20986696230591 0.00020957252596085789 0
0.79499999999999982 0.80499999999999994 0.79999999999999982 7.5244975346921513e-20 0 0 0 296.20986696230602 0.00020957252596085787 0
0.80499999999999994 0.81499999999999984 0.80999999999999983 7.5244966984257107e-20 0 0 0 296.20986696230597 0.00020957252596085784 0
0.81499999999999984 0.82499999999999984 0.81999999999999984 7.5244958621612598e-20 0 0 0 296.20986696230597 0.00020957252596085787 0
0.82499999999999984 0.83499999999999974 0.82999999999999985 7.5244950258949348e-20 0 0 0 296.20986696230597 0.00020957252596085789 0
0.83499999999999974 0.84499999999999986 0.83999999999999986 7.5244941896265092e-20 0 0 0 296.20986696230597 0.00020957252596085787 0
0.84499999999999986 0.85499999999999987 0.84999999999999987 7.5244933533590021e-20 0 0 0 296.20986696230591 0.00020957252596085789 0
0.85499999999999987 0.86499999999999977 0.85999999999999988 7.5244925170898749e-20 0 0 0 296.20986696230597 0.00020957252596085784 0
0.86499999999999977 0.87499999999999989 0.86999999999999988 7.524491680819397e-20 0 0 0 296.20986696230602 0.00020957252596085787 0
0.87499999999999989 0.8849999999999999 0.87999999999999989 7.5244908445449445e-20 0 0 0 296.20986696230591 0.00020957252596085789 0
0.8849999999999999 0.8949999999999998 0.8899999999999999 7.524490008266574e-20 0 0 0 296.20986696230591 0.00020957252596085789 0
0.8949999999999998 0.9049999999999998 0.8999999999999998 7.5244891705668346e-20 0 0 0 296.20986696230597 0.00020957252596085787 0
0.9049999999999998 0.91499999999999992 0.90999999999999992 7.5244883293197779e-20 0 0 0 296.20986696230597 0.00020957252596085787 0
0.91499999999999992 0.92499999999999982 0.91999999999999993 7.5244874930343476e-20 0 0 0 296.20986696230602 0.00020957252596085784 0
0.92499999999999982 0.93499999999999983 0.92999999999999983 7.524486656748496e-20 0 0 0 296.20986696230591 0.00020957252596085789 0
0.93499999999999983 0.94499999999999984 0.93999999999999984 7.5244858204626444e-20 0 0 0 296.20986696230597 0.00020957252596085787 0
0.94499999999999984 0.95499999999999985 0.94999999999999984 7.5244849841751486e-20 0 0 0 296.20986696230597 0.00020957252596085787 0
0.95499999999999985 0.96499999999999986 0.95999999999999985 7.5244841478854054e-20 0 0 0 296.20986696230591 0.00020957252596085789 0
0.96499999999999986 0.97499999999999976 0.96999999999999975 7.5244833115937412e-20 0 0 0 296.20986696230597 0.00020957252596085784 0
0.97499999999999976 0.98499999999999988 0.97999999999999976 7.524482475305493e-20 0 0 0 296.20986696230597 0.00020957252596085787 0
0.98499999999999988 0.99499999999999977 0.98999999999999977 7.5244816390210173e-20 0 0 0 296.20986696230597 0.00020957252596085784 0
0.99499999999999977 1.0049999999999999 0.99999999999999978 7.5244808027375298e-20 0 0 0 296.20986696230602 0.00020957252596085787 0
1.0049999999999999 1.0149999999999999 1.0099999999999998 7.5244799664533862e-20 0 0 0 296.20986696230597 0.00020957252596085787 0
1.0149999999999999 1.0249999999999999 1.02 7.5244791301692247e-20 0 0 0 296.20986696230597 0.00020957252596085787 0
1.0249999999999999 1.0349999999999999 1.0299999999999998 7.524478293882232e-20 0 0 0 296.20986696230591 0.00020957252596085789 0
1.0349999999999999 1.0449999999999999 1.04 7.5244774554688104e-20 0 0 0 296.20986696230597 0.00020957252596085787 0
1.0449999999999999 1.0549999999999999 1.0499999999999998 7.5244766149308822e-20 0 0 0 296.20986696230597 0.00020957252596085787 0
1.0549999999999999 1.0649999999999997 1.0599999999999998 7.5244757786509276e-20 0 0 0 296.20986696230602 0.00020957252596085784 0
1.0649999999999997 1.075 1.0699999999999998 7.5244749423681286e-20 0 0 0 296.20986696230591 0.00020957252596085789 0
1.075 1.085 1.0800000000000001 7.5244741060839526e-20 0 0 0 296.20986696230597 0.00020957252596085787 0
1.085 1.0949999999999998 1.0899999999999999 7.5244732697954673e-20 0 0 0 296.20986696230597 0.00020957252596085784 0
1.0949999999999998 1.105 1.0999999999999999 7.5244724335060612e-20 0 0 0 296.20986696230597 0.00020957252596085787 0
1.105 1.115 1.1099999999999999 7.524471597214291e-20 0 0 0 296.20986696230597 0.00020957252596085787 0
1.115 1.1249999999999998 1.1199999999999999 7.5244707609214495e-20 0 0 0 296.20986696230591 0.00020957252596085789 0
1.1249999999999998 1.135 1.1299999999999999 7.5244699246269794e-20 0 0 0 296.20986696230591 0.00020957252596085787 0
1.135 1.145 1.1400000000000001 7.5244690883313068e-20 0 0 0 296.20986696230591 0.00020957252596085789 0
1.145 1.1549999999999998 1.1499999999999999 7.5244682520344268e-20 0 0 0 296.20986696230597 0.00020957252596085789 0
1.1549999999999998 1.165 1.1599999999999999 7.5244674157367067e-20 0 0 0 296.20986696230597 0.00020957252596085787 0
1.165 1.175 1.1699999999999999 7.5244665794357366e-20 0 0 0 296.20986696230597 0.00020957252596085787 0
1.175 1.1849999999999998 1.1799999999999999 7.5244657402978981e-20 0 0 0 296.20986696230591 0.00020957252596085789 0
1.1849999999999998 1.1950000000000001 1.1899999999999999 7.5244649004477749e-20 0 0 0 296.20986696230597 0.00020957252596085787 0
1.1950000000000001 1.2049999999999998 1.2 7.5244640641436077e-20 0 0 0 296.20986696230597 0.00020957252596085789 0
1.2049999999999998 1.2149999999999999 1.21 7.5244632278413834e-20 0 0 0 296.20986696230597 0.00020957252596085787 0
1.2149999999999999 1.2249999999999999 1.2199999999999998 7.5244623915431745e-20 0 0 0 296.20986696230597 0.00020957252596085787 0
1.2249999999999999 1.2349999999999999 1.23 7.5244615552459672e-20 0 0 0 296.20986696230597 0.00020957252596085787 0
1.2349999999999999 1.2449999999999999 1.2399999999999998 7.5244607189473599e-20 0 0 0 296.20986696230597 0.00020957252596085787 0
1.2449999999999999 1.2549999999999999 1.25 3.7622300569439484e-20 0 0 0 296.20986696230591 0.00010478626298043125 0
