# axial profiles of the pair element_I -> I, bin set native (rhoFixedFlowFoam, axialProfiles.H)
# time 60.000000000027363 directory 60 reason write time
# molarMass 1
# axis (1 0 0) origin (0 0 0)
# nBins 126
# inventory gas 8.7948362602364517e-11 wall 4.7993460567942729e-09 sample 0
# binned gas 8.7948362602364517e-11 wall 4.7993460567942729e-09 sample 0
# outside gas 0 wall 0 sample 0
# observable wall
# fraction 0.001
# significance 1e-13 minimumAmount 4.8872944193966373e-22
# Tdep fromInlet status found T 668.14637976370432 x 0.34258481820179193 peak 1.5666776761442723e-07 xPeak 0.36999999999999994 threshold 1.5666776761442722e-10 searchFrom 0.02
# Tdep fromPeak status found T 668.14637976370432 x 0.34258481820179193 peak 1.5666776761442723e-07 xPeak 0.36999999999999994 threshold 1.5666776761442722e-10
# Tpeak 623.87813859893333 K at x 0.36999999999999994 m; bin maximum of observable
# columns x_lo x_hi x gas wall sample observable Twall wallArea sampleGas
# units m m m mol/m mol/m mol/m mol/m K m2/m mol/m
-0.0050000000000000001 0.0049999999999999984 -8.6736173798840355e-19 1.4607160421336269e-39 0 0 0 1124.6398688915374 0.00010478626298042893 0
0.0049999999999999984 0.014999999999999996 0.0099999999999999967 2.3521921065300456e-36 0 0 0 1124.6398688915374 0.00020957252596085787 0
0.014999999999999996 0.024999999999999994 0.019999999999999997 3.5744098819243781e-33 0 0 0 1123.2544391464862 0.00020957252596085787 0
0.024999999999999994 0.034999999999999996 0.029999999999999995 5.3214284452746721e-30 0 0 0 1113.8452806712346 0.00020957252596085787 0
0.034999999999999996 0.044999999999999991 0.039999999999999994 7.6911128452208626e-27 0 0 0 1102.0795144579361 0.00020957252596085784 0
0.044999999999999991 0.054999999999999993 0.049999999999999989 1.0746300387673015e-23 0 0 0 1089.8486244352205 0.00020957252596085787 0
0.054999999999999993 0.064999999999999988 0.059999999999999991 1.4489547661478523e-20 0 0 0 1074.1906724507721 0.00020957252596085784 0
0.064999999999999988 0.074999999999999983 0.069999999999999979 2.5077949014642414e-17 0 0 0 1059.5504667350558 0.00020957252596085789 0
0.074999999999999983 0.084999999999999978 0.079999999999999988 4.4098146377689987e-14 0 0 0 1046.3060721296572 0.00020957252596085784 0
0.084999999999999978 0.094999999999999973 0.089999999999999969 3.3194513936274896e-11 0 0 0 1035.0060569162681 0.00020957252596085789 1.5935819725231018e-11
0.094999999999999973 0.10499999999999998 0.099999999999999978 2.0595874211874288e-10 0 0 0 1024.9280498157236 0.00020957252596085789 9.3502417009101423e-11
0.10499999999999998 0.11499999999999998 0.10999999999999999 2.5990313281695953e-10 0 0 0 1015.5970488813163 0.00020957252596085784 0
0.11499999999999998 0.12499999999999997 0.11999999999999997 2.6189496025442833e-10 0 0 0 1007.3373110343156 0.00020957252596085789 0
0.12499999999999997 0.13499999999999998 0.12999999999999998 2.6406415936358346e-10 0 0 0 999.03002119211033 0.00020957252596085787 0
0.13499999999999998 0.14499999999999999 0.13999999999999999 2.6662863545336224e-10 0 0 0 989.43876210669373 0.00020957252596085787 0
0.14499999999999999 0.15499999999999997 0.14999999999999997 2.6984899043018381e-10 0 0 0 977.60522328052082 0.00020957252596085784 0
0.15499999999999997 0.16499999999999995 0.15999999999999998 2.7419328534861942e-10 0 0 0 961.96823749868088 0.00020957252596085789 0
0.16499999999999995 0.17499999999999996 0.16999999999999996 2.7886570184787802e-10 0 0 0 945.81303676018683 0.00020957252596085789 0
0.17499999999999996 0.18499999999999997 0.17999999999999997 2.8423675487815884e-10 0 0 0 927.88530683086788 0.00020957252596085787 0
0.18499999999999997 0.19499999999999995 0.18999999999999995 2.8947136151772365e-10 0 0 0 911.12737020745908 0.00020957252596085784 0
0.19499999999999995 0.20499999999999993 0.19999999999999996 2.9437191735811505e-10 0 0 0 895.99376448214218 0.00020957252596085784 0
0.20499999999999993 0.21499999999999997 0.20999999999999996 2.98678669802243e-10 0 0 0 883.18557399041993 0.00020957252596085787 0
0.21499999999999997 0.22499999999999998 0.21999999999999997 3.0397084519466835e-10 0 0 0 867.7492476744078 0.00020957252596085787 0
0.22499999999999998 0.23499999999999996 0.22999999999999998 3.0945261039023263e-10 0 0 0 852.26543528744105 0.00020957252596085784 0
0.23499999999999996 0.24499999999999994 0.23999999999999994 3.1519883107050113e-10 0 0 0 836.71637584154337 0.00020957252596085784 0
0.24499999999999994 0.25499999999999995 0.24999999999999994 3.2162397993224354e-10 0 0 0 819.9770846136895 0.00020957252596085787 0
0.25499999999999995 0.26499999999999996 0.25999999999999995 3.2810160870856734e-10 0 0 0 803.78205101145534 0.00020957252596085789 0
0.26499999999999996 0.27499999999999997 0.26999999999999996 3.3495426498207064e-10 0 0 0 787.35496838943106 0.00020957252596085787 0
0.27499999999999997 0.28499999999999992 0.27999999999999992 3.4125499194571676e-10 0 0 0 772.89677486063545 0.00020957252596085787 0
0.28499999999999992 0.29499999999999998 0.28999999999999992 3.4977554059883672e-10 0 0 0 753.91570057253273 0.00020957252596085787 0
0.29499999999999998 0.30499999999999994 0.29999999999999993 3.5954496998794042e-10 0 0 0 733.33035581515742 0.00020957252596085787 0
0.30499999999999994 0.31499999999999995 0.30999999999999994 3.6638006505393601e-10 0 0 0 719.88793869008452 0.00020957252596085789 0
0.31499999999999995 0.3249999999999999 0.31999999999999995 3.7392874961155245e-10 0 0 0 705.25027951423385 0.00020957252596085787 0
0.3249999999999999 0.33499999999999991 0.3299999999999999 3.8346840510233935e-10 0 0 0 687.54661881238849 0.00020957252596085787 0
0.33499999999999991 0.34499999999999997 0.33999999999999997 3.9229326482612138e-10 0 0 0 672.14468972855252 0.00020957252596085787 0
0.34499999999999997 0.35499999999999993 0.34999999999999998 4.0017829563412411e-10 6.0610749145072009e-10 0 6.0610749145072009e-10 656.67625190156593 0.00020957252596085784 0
0.35499999999999993 0.36499999999999994 0.35999999999999993 3.2538113050567023e-10 1.5658742377487863e-07 0 1.5658742377487863e-07 639.57945571028472 0.00020957252596085789 0
0.36499999999999994 0.37499999999999994 0.36999999999999994 1.7110251757128312e-10 1.5666776761442723e-07 0 1.5666776761442723e-07 623.87813859893333 0.00020957252596085789 0
0.37499999999999994 0.38499999999999995 0.37999999999999995 8.223952462396515e-11 9.0411292855439632e-08 0 9.0411292855439632e-08 607.83756628105982 0.00020957252596085787 0
0.38499999999999995 0.39499999999999991 0.3899999999999999 3.4330033668341907e-11 4.4876622304515337e-08 0 4.4876622304515337e-08 590.1120930698595 0.00020957252596085787 0
0.39499999999999991 0.40499999999999992 0.39999999999999991 1.3117364381027299e-11 1.9752710257730538e-08 0 1.9752710257730538e-08 571.86142030093822 0.00020957252596085787 0
0.40499999999999992 0.41499999999999987 0.40999999999999992 4.9460897145648955e-12 7.0016973051669687e-09 0 7.0016973051669687e-09 555.47219158016526 0.00020957252596085787 0
0.41499999999999987 0.42499999999999993 0.41999999999999993 1.6584968049639927e-12 2.8778971262273628e-09 0 2.8778971262273628e-09 535.80624769632936 0.00020957252596085784 0
0.42499999999999993 0.43499999999999994 0.42999999999999994 4.4333288067871298e-13 8.6026125361865004e-10 0 8.6026125361865004e-10 515.77301489843046 0.00020957252596085787 0
0.43499999999999994 0.4449999999999999 0.43999999999999995 1.0832363839490528e-13 2.2455929454897376e-10 0 2.2455929454897376e-10 496.24387166615992 0.00020957252596085787 0
0.4449999999999999 0.45499999999999996 0.44999999999999996 2.3527820347978293e-14 5.5383768867597398e-11 0 5.5383768867597398e-11 475.5481237480962 0.00020957252596085787 0
0.45499999999999996 0.46499999999999991 0.45999999999999996 4.0013933622899909e-15 1.0946215231360652e-11 0 1.0946215231360652e-11 453.53567660966627 0.00020957252596085787 0
0.46499999999999991 0.47499999999999992 0.46999999999999992 4.9982265903309015e-16 1.7264308940112573e-12 0 1.7264308940112573e-12 429.10790827235917 0.00020957252596085789 0
0.47499999999999992 0.48499999999999988 0.47999999999999987 4.340356170697953e-17 1.9647495081681119e-13 0 1.9647495081681119e-13 397.12921905025797 0.00020957252596085787 0
0.48499999999999988 0.49499999999999988 0.48999999999999988 2.4716587580236774e-18 1.2814314656660038e-14 0 1.2814314656660038e-14 362.88980224943521 0.00020957252596085787 0
0.49499999999999988 0.50499999999999989 0.49999999999999989 1.2592229091322491e-19 6.6525494792086105e-16 0 6.6525494792086105e-16 338.50390372081199 0.00020957252596085787 0
0.50499999999999989 0.5149999999999999 0.5099999999999999 5.7845153718970357e-21 3.0553391972919607e-17 0 3.0553391972919607e-17 323.32817572063806 0.00020957252596085787 0
0.5149999999999999 0.52499999999999991 0.51999999999999991 2.5241736661216623e-22 1.2987642422048884e-18 0 1.2987642422048884e-18 313.54259834341786 0.00020957252596085787 0
0.52499999999999991 0.53499999999999992 0.52999999999999992 1.3850647013353767e-23 5.3703960994031942e-20 0 5.3703960994031942e-20 308.75991469641485 0.00020957252596085789 0
0.53499999999999992 0.54499999999999982 0.53999999999999981 2.718468677115115e-24 2.9535096894408486e-21 0 2.9535096894408486e-21 305.50353630607628 0.00020957252596085784 0
0.54499999999999982 0.55499999999999994 0.54999999999999982 1.5130755708233176e-24 4.1847970396408576e-22 0 4.1847970396408576e-22 303.07712142877648 0.00020957252596085787 0
0.55499999999999994 0.56499999999999995 0.55999999999999994 1.0663975144533157e-24 1.9895647700760444e-22 0 1.9895647700760444e-22 300.93117632900635 0.00020957252596085787 0
0.56499999999999995 0.57499999999999984 0.56999999999999984 8.8467884000086392e-25 9.068916030173399e-23 0 9.068916030173399e-23 299.79276995006546 0.00020957252596085789 0
0.57499999999999984 0.58499999999999996 0.57999999999999985 7.2766729284241661e-25 6.1996946174941242e-23 0 6.1996946174941242e-23 298.54290816022012 0.00020957252596085787 0
0.58499999999999996 0.59499999999999997 0.58999999999999997 6.435235642698229e-25 1.9139114325507636e-23 0 1.9139114325507636e-23 298.0936844391407 0.00020957252596085787 0
0.59499999999999997 0.60499999999999987 0.59999999999999987 5.6272649064330243e-25 3.0222423548120092e-23 0 3.0222423548120092e-23 297.42377004905057 0.00020957252596085784 0
0.60499999999999987 0.61499999999999988 0.60999999999999988 5.0913687224748792e-25 2.3925737441849987e-23 0 2.3925737441849987e-23 296.67367058098358 0.00020957252596085787 0
0.61499999999999988 0.62499999999999989 0.61999999999999988 4.7417937441954192e-25 7.9496483128132552e-24 0 7.9496483128132552e-24 296.65390094145289 0.00020957252596085787 0
0.62499999999999989 0.6349999999999999 0.62999999999999989 4.6420258213230007e-25 2.5003068639804042e-24 0 2.5003068639804042e-24 296.03438617401667 0.00020957252596085787 0
0.6349999999999999 0.64499999999999991 0.6399999999999999 4.7055284041344802e-25 8.4881308430920118e-26 0 8.4881308430920118e-26 296.03438617401662 0.00020957252596085789 0
0.64499999999999991 0.6549999999999998 0.64999999999999991 4.8141091946776465e-25 0 0 0 296.03438617401667 0.00020957252596085789 0
0.6549999999999998 0.66499999999999992 0.65999999999999992 4.8882333457044706e-25 4.3364729707502386e-24 0 4.3364729707502386e-24 295.96010806205311 0.00020957252596085787 0
0.66499999999999992 0.67499999999999982 0.66999999999999993 4.7862581198970399e-25 1.2844542514740901e-23 0 1.2844542514740901e-23 295.44009249150065 0.00020957252596085784 0
0.67499999999999982 0.68499999999999983 0.67999999999999983 4.8293105281190421e-25 5.3703706730868096e-24 0 5.3703706730868096e-24 295.51859626350699 0.00020957252596085787 0
0.68499999999999983 0.69499999999999995 0.68999999999999995 4.9700763247253778e-25 4.9175829914101266e-25 0 4.9175829914101266e-25 295.56756058800158 0.00020957252596085787 0
0.69499999999999995 0.70499999999999985 0.69999999999999996 5.123403954191975e-25 5.7899328449039127e-26 0 5.7899328449039127e-26 295.44614423515139 0.00020957252596085784 0
0.70499999999999985 0.71499999999999986 0.70999999999999985 5.2996098220249271e-25 4.1159933503899516e-26 0 4.1159933503899516e-26 295.15732484114528 0.00020957252596085787 0
0.71499999999999986 0.72499999999999987 0.71999999999999986 5.5028457458787436e-25 2.0550794872219358e-27 0 2.0550794872219358e-27 295.08087008343256 0.00020957252596085789 0
0.72499999999999987 0.73499999999999988 0.72999999999999987 5.7352202295394128e-25 4.9402045834647444e-29 0 4.9402045834647444e-29 295.08087008343261 0.00020957252596085787 0
0.73499999999999988 0.74499999999999988 0.73999999999999988 5.9859118979952154e-25 0 0 0 295.08087008343256 0.00020957252596085789 0
0.74499999999999988 0.75499999999999989 0.74999999999999989 6.2303152239203831e-25 0 0 0 295.08087008343256 0.00020957252596085787 0
0.75499999999999989 0.7649999999999999 0.7599999999999999 6.4406971378435348e-25 0 0 0 295.08087008343261 0.00020957252596085787 0
0.7649999999999999 0.77499999999999991 0.76999999999999991 6.5974378039036929e-25 0 0 0 295.08087008343261 0.00020957252596085787 0
0.77499999999999991 0.78499999999999981 0.7799999999999998 6.6955269697055443e-25 0 0 0 295.08087008343261 0.00020957252596085789 0
0.78499999999999981 0.79499999999999982 0.78999999999999981 6.7527206599434618e-25 0 0 0 295.08087008343261 0.00020957252596085789 0
0.79499999999999982 0.80499999999999994 0.79999999999999982 6.8001684017772985e-25 0 0 0 295.08087008343267 0.00020957252596085787 0
0.80499999999999994 0.81499999999999984 0.80999999999999983 6.8745036033709802e-25 0 0 0 295.08087008343267 0.00020957252596085784 0
0.81499999999999984 0.82499999999999984 0.81999999999999984 7.0067176725702738e-25 0 0 0 295.08087008343261 0.00020957252596085787 0
0.82499999999999984 0.83499999999999974 0.82999999999999985 7.2127184364990726e-25 0 0 0 295.08087008343261 0.00020957252596085789 0
0.83499999999999974 0.84499999999999986 0.83999999999999986 7.4882228170280238e-25 0 0 0 295.08087008343261 0.00020957252596085787 0
0.84499999999999986 0.85499999999999987 0.84999999999999987 7.8091289266565829e-25 0 0 0 295.08087008343256 0.00020957252596085789 0
0.85499999999999987 0.86499999999999977 0.85999999999999988 8.1368592742069755e-25 0 0 0 295.08087008343267 0.00020957252596085784 0
0.86499999999999977 0.87499999999999989 0.86999999999999988 8.4268728665880949e-25 0 0 0 295.08087008343261 0.00020957252596085787 0
0.87499999999999989 0.8849999999999999 0.87999999999999989 8.6379386019775745e-25 0 0 0 295.08087008343261 0.00020957252596085789 0
0.8849999999999999 0.8949999999999998 0.8899999999999999 8.7399096435423697e-25 0 0 0 295.08087008343261 0.00020957252596085789 0
0.8949999999999998 0.9049999999999998 0.8999999999999998 8.7182140994379358e-25 0 0 0 295.08087008343261 0.00020957252596085787 0
0.9049999999999998 0.91499999999999992 0.90999999999999992 8.5741562813855238e-25 0 0 0 295.08087008343261 0.00020957252596085787 0
0.91499999999999992 0.92499999999999982 0.91999999999999993 8.3274495746090785e-25 0 0 0 295.08087008343261 0.00020957252596085784 0
0.92499999999999982 0.93499999999999983 0.92999999999999983 8.005996729675444e-25 0 0 0 295.08087008343256 0.00020957252596085789 0
0.93499999999999983 0.94499999999999984 0.93999999999999984 7.6426793475104946e-25 0 0 0 295.08087008343267 0.00020957252596085787 0
0.94499999999999984 0.95499999999999985 0.94999999999999984 7.2700229921807027e-25 0 0 0 295.08087008343261 0.00020957252596085787 0
0.95499999999999985 0.96499999999999986 0.95999999999999985 6.9161200254181699e-25 0 0 0 295.08087008343256 0.00020957252596085789 0
0.96499999999999986 0.97499999999999976 0.96999999999999975 6.6021320144568799e-25 0 0 0 295.08087008343267 0.00020957252596085784 0
0.97499999999999976 0.98499999999999988 0.97999999999999976 6.3414277545835831e-25 0 0 0 295.08087008343267 0.00020957252596085787 0
0.98499999999999988 0.99499999999999977 0.98999999999999977 6.1400813985222792e-25 0 0 0 295.08087008343267 0.00020957252596085784 0
0.99499999999999977 1.0049999999999999 0.99999999999999978 5.9982555364722083e-25 0 0 0 295.08087008343261 0.00020957252596085787 0
1.0049999999999999 1.0149999999999999 1.0099999999999998 5.9119419332372687e-25 0 0 0 295.08087008343261 0.00020957252596085787 0
1.0149999999999999 1.0249999999999999 1.02 5.8746101658970661e-25 0 0 0 295.08087008343267 0.00020957252596085787 0
1.0249999999999999 1.0349999999999999 1.0299999999999998 5.8784772841993535e-25 0 0 0 295.08087008343256 0.00020957252596085789 0
1.0349999999999999 1.0449999999999999 1.04 5.9154599175574918e-25 0 0 0 295.08087008343261 0.00020957252596085787 0
1.0449999999999999 1.0549999999999999 1.0499999999999998 5.9774066312697949e-25 0 0 0 295.08087008343261 0.00020957252596085787 0
1.0549999999999999 1.0649999999999997 1.0599999999999998 6.0553726592743019e-25 0 0 0 295.08087008343267 0.00020957252596085784 0
1.0649999999999997 1.075 1.0699999999999998 6.1414454475532556e-25 0 0 0 295.08087008343256 0.00020957252596085789 0
1.075 1.085 1.0800000000000001 6.2278062817205688e-25 0 0 0 295.08087008343267 0.00020957252596085787 0
1.085 1.0949999999999998 1.0899999999999999 6.3071908080762103e-25 0 0 0 295.08087008343261 0.00020957252596085784 0
1.0949999999999998 1.105 1.0999999999999999 6.3732399833806993e-25 0 0 0 295.08087008343261 0.00020957252596085787 0
1.105 1.115 1.1099999999999999 6.4208465089916426e-25 0 0 0 295.08087008343261 0.00020957252596085787 0
1.115 1.1249999999999998 1.1199999999999999 6.4463968143101813e-25 0 0 0 295.08087008343256 0.00020957252596085789 0
1.1249999999999998 1.135 1.1299999999999999 6.4478371388626492e-25 0 0 0 295.08087008343256 0.00020957252596085787 0
1.135 1.145 1.1400000000000001 6.4245450980411256e-25 0 0 0 295.08087008343256 0.00020957252596085789 0
1.145 1.1549999999999998 1.1499999999999999 6.3770446349938179e-25 0 0 0 295.08087008343261 0.00020957252596085789 0
1.1549999999999998 1.165 1.1599999999999999 6.3066436593713834e-25 0 0 0 295.08087008343261 0.00020957252596085787 0
1.165 1.175 1.1699999999999999 6.2150885319517804e-25 0 0 0 295.08087008343261 0.00020957252596085787 0
1.175 1.1849999999999998 1.1799999999999999 6.1038815905926943e-25 0 0 0 295.08087008343256 0.00020957252596085789 0
1.1849999999999998 1.1950000000000001 1.1899999999999999 5.9752092095415832e-25 0 0 0 295.08087008343256 0.00020957252596085787 0
1.1950000000000001 1.2049999999999998 1.2 5.8320168386601407e-25 0 0 0 295.08087008343261 0.00020957252596085789 0
1.2049999999999998 1.2149999999999999 1.21 5.6762725190477256e-25 0 0 0 295.08087008343261 0.00020957252596085787 0
1.2149999999999999 1.2249999999999999 1.2199999999999998 5.5108928851260302e-25 0 0 0 295.08087008343261 0.00020957252596085787 0
1.2249999999999999 1.2349999999999999 1.23 5.3394501518034832e-25 0 0 0 295.08087008343261 0.00020957252596085787 0
1.2349999999999999 1.2449999999999999 1.2399999999999998 5.1673380877946061e-25 0 0 0 295.08087008343261 0.00020957252596085787 0
1.2449999999999999 1.2549999999999999 1.25 2.5278375414785842e-25 0 0 0 295.08087008343261 0.00010478626298043125 0
