# axial profiles of the pair BiI3_g -> BiI3_s, bin set native (rhoFixedFlowFoam, axialProfiles.H)
# time 60.000000000027363 directory 60 reason write time
# molarMass 0.58969380999999998
# axis (1 0 0) origin (0 0 0)
# nBins 126
# inventory gas 2.55215769165509e-13 wall 1.899555333179239e-11 sample 0
# binned gas 2.5521576916550895e-13 wall 1.899555333179239e-11 sample 0
# outside gas 0 wall 0 sample 0
# observable wall
# fraction 0.001
# significance 1e-13 minimumAmount 1.9250769100957898e-24
# Tdep fromInlet status found T 463.03912801034221 x 0.56001191745749712 peak 9.6876802208049844e-10 xPeak 0.57999999999999985 threshold 9.6876802208049853e-13 searchFrom 0.02
# Tdep fromPeak status found T 463.03912801034221 x 0.56001191745749712 peak 9.6876802208049844e-10 xPeak 0.57999999999999985 threshold 9.6876802208049853e-13
# Tpeak 411.96497070499737 K at x 0.57999999999999985 m; bin maximum of observable
# columns x_lo x_hi x gas wall sample observable Twall wallArea sampleGas
# units m m m mol/m mol/m mol/m mol/m K m2/m mol/m
-0.0050000000000000001 0.0049999999999999984 -8.6736173798840355e-19 2.8392099155429682e-81 0 0 0 1154.302993348115 0.00010478626298042893 0
0.0049999999999999984 0.014999999999999996 0.0099999999999999967 2.2730741799807555e-74 0 0 0 1154.302993348115 0.00020957252596085787 0
0.014999999999999996 0.024999999999999994 0.019999999999999997 4.0287298232488038e-67 0 0 0 1135.8602061407389 0.00020957252596085787 0
0.024999999999999994 0.034999999999999996 0.029999999999999995 6.472982063041495e-60 0 0 0 1106.4823657028076 0.00020957252596085787 0
0.034999999999999996 0.044999999999999991 0.039999999999999994 4.0987501065341152e-53 0 0 0 1084.1152452756746 0.00020957252596085784 0
0.044999999999999991 0.054999999999999993 0.049999999999999989 1.101811195172155e-46 0 0 0 1077.7836983536272 0.00020957252596085787 0
0.054999999999999993 0.064999999999999988 0.059999999999999991 1.4218494654212341e-40 0 0 0 1087.4389536837232 0.00020957252596085784 0
0.064999999999999988 0.074999999999999983 0.069999999999999979 9.9720286007109184e-34 0 0 0 1100.3353295937864 0.00020957252596085789 0
0.074999999999999983 0.084999999999999978 0.079999999999999988 2.6862102649645749e-27 0 0 0 1113.1517324120111 0.00020957252596085784 0
0.084999999999999978 0.094999999999999973 0.089999999999999969 1.3978584639178367e-22 0 0 0 1123.4653608381195 0.00020957252596085789 0
0.094999999999999973 0.10499999999999998 0.099999999999999978 3.0239461388753986e-21 0 0 0 1129.0473979174603 0.00020957252596085789 0
0.10499999999999998 0.11499999999999998 0.10999999999999999 4.7538727865376886e-21 0 0 0 1128.6787628077759 0.00020957252596085784 0
0.11499999999999998 0.12499999999999997 0.11999999999999997 5.1216429053903294e-21 0 0 0 1125.9752196799477 0.00020957252596085789 0
0.12499999999999997 0.13499999999999998 0.12999999999999998 6.2115321064778363e-21 0 0 0 1118.7566768471122 0.00020957252596085787 0
0.13499999999999998 0.14499999999999999 0.13999999999999999 8.1980958180047423e-21 0 0 0 1108.5308034373845 0.00020957252596085787 0
0.14499999999999999 0.15499999999999997 0.14999999999999997 1.1703571090743321e-20 0 0 0 1095.2061162415996 0.00020957252596085784 0
0.15499999999999997 0.16499999999999995 0.15999999999999998 1.7409992371512077e-20 0 0 0 1079.5631115304627 0.00020957252596085789 0
0.16499999999999995 0.17499999999999996 0.16999999999999996 2.5417141588980845e-20 0 0 0 1064.2781971120739 0.00020957252596085789 0
0.17499999999999996 0.18499999999999997 0.17999999999999997 3.5489916372740471e-20 0 0 0 1050.2433813506827 0.00020957252596085787 0
0.18499999999999997 0.19499999999999995 0.18999999999999995 4.7772157690214897e-20 0 0 0 1037.4390894462922 0.00020957252596085784 0
0.19499999999999995 0.20499999999999993 0.19999999999999996 5.9975452475840203e-20 0 0 0 1027.5362213778137 0.00020957252596085784 0
0.20499999999999993 0.21499999999999997 0.20999999999999996 7.5012276501419856e-20 0 0 0 1017.5639144607998 0.00020957252596085787 0
0.21499999999999997 0.22499999999999998 0.21999999999999997 9.2530024650145063e-20 0 0 0 1008.2393178003656 0.00020957252596085787 0
0.22499999999999998 0.23499999999999996 0.22999999999999998 1.1551553897309137e-19 0 0 0 998.51411750159855 0.00020957252596085784 0
0.23499999999999996 0.24499999999999994 0.23999999999999994 1.446438678464853e-19 0 0 0 989.10066504526071 0.00020957252596085784 0
0.24499999999999994 0.25499999999999995 0.24999999999999994 1.8757516690884387e-19 0 0 0 978.61455731031253 0.00020957252596085787 0
0.25499999999999995 0.26499999999999996 0.25999999999999995 2.6821478960011517e-19 0 0 0 964.98310550784618 0.00020957252596085789 0
0.26499999999999996 0.27499999999999997 0.26999999999999996 4.2717427103011878e-19 0 0 0 948.96016513586085 0.00020957252596085787 0
0.27499999999999997 0.28499999999999992 0.27999999999999992 7.3133462214231483e-19 0 0 0 932.80329097365529 0.00020957252596085787 0
0.28499999999999992 0.29499999999999998 0.28999999999999992 1.3951778510905074e-18 0 0 0 915.55609302381356 0.00020957252596085787 0
0.29499999999999998 0.30499999999999994 0.29999999999999993 2.742440987678519e-18 0 0 0 898.97465478271022 0.00020957252596085787 0
0.30499999999999994 0.31499999999999995 0.30999999999999994 5.3776364575628575e-18 0 0 0 883.97852607337131 0.00020957252596085789 0
0.31499999999999995 0.3249999999999999 0.31999999999999995 1.1549216715520741e-17 0 0 0 867.36611722294708 0.00020957252596085787 0
0.3249999999999999 0.33499999999999991 0.3299999999999999 2.3303706346980732e-17 0 0 0 852.83938291799382 0.00020957252596085787 0
0.33499999999999991 0.34499999999999997 0.33999999999999997 4.8866261709269569e-17 0 0 0 838.12536400579859 0.00020957252596085787 0
0.34499999999999997 0.35499999999999993 0.34999999999999998 1.1820740787723666e-16 0 0 0 821.21055640845384 0.00020957252596085784 0
0.35499999999999993 0.36499999999999994 0.35999999999999993 2.7636372177079112e-16 0 0 0 805.87672823774142 0.00020957252596085789 0
0.36499999999999994 0.37499999999999994 0.36999999999999994 6.863290136070257e-16 0 0 0 789.90594630887142 0.00020957252596085789 0
0.37499999999999994 0.38499999999999995 0.37999999999999995 1.6915165961591612e-15 0 0 0 773.7208877251461 0.00020957252596085787 0
0.38499999999999995 0.39499999999999991 0.3899999999999999 4.3360847360687795e-15 0 0 0 757.25534567865361 0.00020957252596085787 0
0.39499999999999991 0.40499999999999992 0.39999999999999991 1.0591989581762944e-14 0 0 0 741.22949414832408 0.00020957252596085787 0
0.40499999999999992 0.41499999999999987 0.40999999999999992 2.4763201657268352e-14 0 0 0 725.27589835008484 0.00020957252596085787 0
0.41499999999999987 0.42499999999999993 0.41999999999999993 5.7570814714210991e-14 0 0 0 709.09620491548515 0.00020957252596085784 0
0.42499999999999993 0.43499999999999994 0.42999999999999994 1.2578381284853387e-13 0 0 0 693.04744079270245 0.00020957252596085787 0
0.43499999999999994 0.4449999999999999 0.43999999999999995 2.5771156013116512e-13 0 0 0 677.0827612218477 0.00020957252596085787 0
0.4449999999999999 0.45499999999999996 0.44999999999999996 4.7755881191506018e-13 0 0 0 661.16565008170505 0.00020957252596085787 0
0.45499999999999996 0.46499999999999991 0.45999999999999996 7.8569178869582789e-13 0 0 0 645.48472514025832 0.00020957252596085787 0
0.46499999999999991 0.47499999999999992 0.46999999999999992 1.1545179781852121e-12 0 0 0 629.58094797048295 0.00020957252596085789 0
0.47499999999999992 0.48499999999999988 0.47999999999999987 1.5080348961539827e-12 0 0 0 614.05679501081397 0.00020957252596085787 0
0.48499999999999988 0.49499999999999988 0.48999999999999988 1.823074649255666e-12 0 0 0 596.67938129268146 0.00020957252596085787 0
0.49499999999999988 0.50499999999999989 0.49999999999999989 2.0334157059970727e-12 0 0 0 579.96018063398822 0.00020957252596085787 0
0.50499999999999989 0.5149999999999999 0.5099999999999999 2.1860599404007831e-12 0 0 0 561.23725858341004 0.00020957252596085787 0
0.5149999999999999 0.52499999999999991 0.51999999999999991 2.2994096594038363e-12 0 0 0 542.21170108454044 0.00020957252596085787 0
0.52499999999999991 0.53499999999999992 0.52999999999999992 2.3892883623736192e-12 0 0 0 524.50143624940358 0.00020957252596085789 0
0.53499999999999992 0.54499999999999982 0.53999999999999981 2.4870709059509558e-12 0 0 0 504.81445713085526 0.00020957252596085784 0
0.54499999999999982 0.55499999999999994 0.54999999999999982 2.5953177319860397e-12 0 0 0 483.72065400014549 0.00020957252596085787 0
0.55499999999999994 0.56499999999999995 0.55999999999999994 2.6996272360056145e-12 0 0 0 463.06714155496843 0.00020957252596085787 0
0.56499999999999995 0.57499999999999984 0.56999999999999984 2.1727331137467215e-12 8.1289823967027451e-10 0 8.1289823967027451e-10 439.5608318972009 0.00020957252596085789 0
0.57499999999999984 0.58499999999999996 0.57999999999999985 3.9843589609372692e-13 9.6876802208049844e-10 0 9.6876802208049844e-10 411.96497070499737 0.00020957252596085787 0
0.58499999999999996 0.59499999999999997 0.58999999999999997 2.6755891357691464e-14 1.120663669622019e-10 0 1.120663669622019e-10 381.3025755151786 0.00020957252596085787 0
0.59499999999999997 0.60499999999999987 0.59999999999999987 9.0706528544016193e-16 5.6507433008972346e-12 0 5.6507433008972346e-12 351.8183714055973 0.00020957252596085784 0
0.60499999999999987 0.61499999999999988 0.60999999999999988 4.0512157349351181e-17 1.6248666624855074e-13 0 1.6248666624855074e-13 331.10641279851086 0.00020957252596085787 0
0.61499999999999988 0.62499999999999989 0.61999999999999988 4.7628212159526222e-18 7.3098478845566387e-15 0 7.3098478845566387e-15 319.35235744168398 0.00020957252596085787 0
0.62499999999999989 0.6349999999999999 0.62999999999999989 1.0961873963128912e-18 1.6290608493216458e-15 0 1.6290608493216458e-15 310.6276509015708 0.00020957252596085787 0
0.6349999999999999 0.64499999999999991 0.6399999999999999 4.7872174362751841e-19 3.3452712738743883e-16 0 3.3452712738743883e-16 305.93443489284596 0.00020957252596085789 0
0.64499999999999991 0.6549999999999998 0.64999999999999991 2.9609620614816628e-19 8.0084764783881698e-17 0 8.0084764783881698e-17 303.20784855419913 0.00020957252596085789 0
0.6549999999999998 0.66499999999999992 0.65999999999999992 1.8931127955875298e-19 5.4342395159889292e-17 0 5.4342395159889292e-17 300.83280588171789 0.00020957252596085787 0
0.66499999999999992 0.67499999999999982 0.66999999999999993 1.463046988075552e-19 2.9710310997552825e-17 0 2.9710310997552825e-17 299.56199673789473 0.00020957252596085784 0
0.67499999999999982 0.68499999999999983 0.67999999999999983 1.2809523094879317e-19 8.5037389597914807e-18 0 8.5037389597914807e-18 298.69135125514839 0.00020957252596085787 0
0.68499999999999983 0.69499999999999995 0.68999999999999995 1.0616413777209411e-19 1.4199992885986732e-17 0 1.4199992885986732e-17 297.57948343797477 0.00020957252596085787 0
0.69499999999999995 0.70499999999999985 0.69999999999999996 9.2393758325095908e-20 5.2443552890503792e-18 0 5.2443552890503792e-18 296.8347522801696 0.00020957252596085784 0
0.70499999999999985 0.71499999999999986 0.70999999999999985 8.3409511568250067e-20 4.4992544242519568e-18 0 4.4992544242519568e-18 296.20986696230597 0.00020957252596085787 0
0.71499999999999986 0.72499999999999987 0.71999999999999986 8.0825462433709284e-20 0 0 0 296.15016703537816 0.00020957252596085789 0
0.72499999999999987 0.73499999999999988 0.72999999999999987 7.5383427529458291e-20 4.4784413349106978e-18 0 4.4784413349106978e-18 295.92206614847794 0.00020957252596085787 0
0.73499999999999988 0.74499999999999988 0.73999999999999988 7.4832127208790955e-20 0 0 0 296.20986696230591 0.00020957252596085789 0
0.74499999999999988 0.75499999999999989 0.74999999999999989 7.483137567181564e-20 0 0 0 296.20986696230597 0.00020957252596085787 0
0.75499999999999989 0.7649999999999999 0.7599999999999999 7.4831364951183817e-20 0 0 0 296.20986696230597 0.00020957252596085787 0
0.7649999999999999 0.77499999999999991 0.76999999999999991 7.4831356571474991e-20 0 0 0 296.20986696230597 0.00020957252596085787 0
0.77499999999999991 0.78499999999999981 0.7799999999999998 7.4831348254872474e-20 0 0 0 296.20986696230591 0.00020957252596085789 0
0.78499999999999981 0.79499999999999982 0.78999999999999981 7.4831339938187924e-20 0 0 0 296.20986696230591 0.00020957252596085789 0
0.79499999999999982 0.80499999999999994 0.79999999999999982 7.483133162152941e-20 0 0 0 296.20986696230602 0.00020957252596085787 0
0.80499999999999994 0.81499999999999984 0.80999999999999983 7.4831323304848314e-20 0 0 0 296.20986696230597 0.00020957252596085784 0
0.81499999999999984 0.82499999999999984 0.81999999999999984 7.4831314988163066e-20 0 0 0 296.20986696230597 0.00020957252596085787 0
0.82499999999999984 0.83499999999999974 0.82999999999999985 7.4831306671469284e-20 0 0 0 296.20986696230597 0.00020957252596085789 0
0.83499999999999974 0.84499999999999986 0.83999999999999986 7.4831298354768086e-20 0 0 0 296.20986696230597 0.00020957252596085787 0
0.84499999999999986 0.85499999999999987 0.84999999999999987 7.4831290038068911e-20 0 0 0 296.20986696230591 0.00020957252596085789 0
0.85499999999999987 0.86499999999999977 0.85999999999999988 7.4831281721339066e-20 0 0 0 296.20986696230597 0.00020957252596085784 0
0.86499999999999977 0.87499999999999989 0.86999999999999988 7.483127340459752e-20 0 0 0 296.20986696230602 0.00020957252596085787 0
0.87499999999999989 0.8849999999999999 0.87999999999999989 7.4831265087827856e-20 0 0 0 296.20986696230591 0.00020957252596085789 0
0.8849999999999999 0.8949999999999998 0.8899999999999999 7.4831256771017687e-20 0 0 0 296.20986696230591 0.00020957252596085789 0
0.8949999999999998 0.9049999999999998 0.8999999999999998 7.4831248440080895e-20 0 0 0 296.20986696230597 0.00020957252596085787 0
0.9049999999999998 0.91499999999999992 0.90999999999999992 7.4831240073869925e-20 0 0 0 296.20986696230597 0.00020957252596085787 0
0.91499999999999992 0.92499999999999982 0.91999999999999993 7.4831231756994383e-20 0 0 0 296.20986696230602 0.00020957252596085784 0
0.92499999999999982 0.93499999999999983 0.92999999999999983 7.4831223440130986e-20 0 0 0 296.20986696230591 0.00020957252596085789 0
0.93499999999999983 0.94499999999999984 0.93999999999999984 7.4831215123255889e-20 0 0 0 296.20986696230597 0.00020957252596085787 0
0.94499999999999984 0.95499999999999985 0.94999999999999984 7.4831206806349135e-20 0 0 0 296.20986696230597 0.00020957252596085787 0
0.95499999999999985 0.96499999999999986 0.95999999999999985 7.4831198489403164e-20 0 0 0 296.20986696230591 0.00020957252596085789 0
0.96499999999999986 0.97499999999999976 0.96999999999999975 7.4831190172453678e-20 0 0 0 296.20986696230597 0.00020957252596085784 0
0.97499999999999976 0.98499999999999988 0.97999999999999976 7.4831181855533394e-20 0 0 0 296.20986696230597 0.00020957252596085787 0
0.98499999999999988 0.99499999999999977 0.98999999999999977 7.4831173538658912e-20 0 0 0 296.20986696230597 0.00020957252596085784 0
0.99499999999999977 1.0049999999999999 0.99999999999999978 7.4831165221804519e-20 0 0 0 296.20986696230602 0.00020957252596085787 0
1.0049999999999999 1.0149999999999999 1.0099999999999998 7.4831156904950848e-20 0 0 0 296.20986696230597 0.00020957252596085787 0
1.0149999999999999 1.0249999999999999 1.02 7.483114858807019e-20 0 0 0 296.20986696230597 0.00020957252596085787 0
1.0249999999999999 1.0349999999999999 1.0299999999999998 7.4831140271172692e-20 0 0 0 296.20986696230591 0.00020957252596085789 0
1.0349999999999999 1.0449999999999999 1.04 7.4831131933123826e-20 0 0 0 296.20986696230597 0.00020957252596085787 0
1.0449999999999999 1.0549999999999999 1.0499999999999998 7.4831123573928164e-20 0 0 0 296.20986696230597 0.00020957252596085787 0
1.0549999999999999 1.0649999999999997 1.0599999999999998 7.4831115257084857e-20 0 0 0 296.20986696230602 0.00020957252596085784 0
1.0649999999999997 1.075 1.0699999999999998 7.4831106940214551e-20 0 0 0 296.20986696230591 0.00020957252596085789 0
1.075 1.085 1.0800000000000001 7.483109862335355e-20 0 0 0 296.20986696230597 0.00020957252596085787 0
1.085 1.0949999999999998 1.0899999999999999 7.483109030647347e-20 0 0 0 296.20986696230597 0.00020957252596085784 0
1.0949999999999998 1.105 1.0999999999999999 7.4831081989563261e-20 0 0 0 296.20986696230597 0.00020957252596085787 0
1.105 1.115 1.1099999999999999 7.4831073672596791e-20 0 0 0 296.20986696230597 0.00020957252596085787 0
1.115 1.1249999999999998 1.1199999999999999 7.4831065355634221e-20 0 0 0 296.20986696230591 0.00020957252596085789 0
1.1249999999999998 1.135 1.1299999999999999 7.4831057038657868e-20 0 0 0 296.20986696230591 0.00020957252596085787 0
1.135 1.145 1.1400000000000001 7.4831048721674823e-20 0 0 0 296.20986696230591 0.00020957252596085789 0
1.145 1.1549999999999998 1.1499999999999999 7.4831040404687818e-20 0 0 0 296.20986696230597 0.00020957252596085789 0
1.1549999999999998 1.165 1.1599999999999999 7.4831032087690051e-20 0 0 0 296.20986696230597 0.00020957252596085787 0
1.165 1.175 1.1699999999999999 7.4831023770666044e-20 0 0 0 296.20986696230597 0.00020957252596085787 0
1.175 1.1849999999999998 1.1799999999999999 7.4831015425438285e-20 0 0 0 296.20986696230591 0.00020957252596085789 0
1.1849999999999998 1.1950000000000001 1.1899999999999999 7.4831007073128449e-20 0 0 0 296.20986696230597 0.00020957252596085787 0
1.1950000000000001 1.2049999999999998 1.2 7.4830998756050046e-20 0 0 0 296.20986696230597 0.00020957252596085789 0
1.2049999999999998 1.2149999999999999 1.21 7.4830990438983235e-20 0 0 0 296.20986696230597 0.00020957252596085787 0
1.2149999999999999 1.2249999999999999 1.2199999999999998 7.4830982121955461e-20 0 0 0 296.20986696230597 0.00020957252596085787 0
1.2249999999999999 1.2349999999999999 1.23 7.4830973804934053e-20 0 0 0 296.20986696230597 0.00020957252596085787 0
1.2349999999999999 1.2449999999999999 1.2399999999999998 7.4830965487933747e-20 0 0 0 296.20986696230597 0.00020957252596085787 0
1.2449999999999999 1.2549999999999999 1.25 3.7415479735311043e-20 0 0 0 296.20986696230591 0.00010478626298043125 0
