# axial profiles of the pair BiI3_g -> BiI3_s, bin set native (rhoFixedFlowFoam, axialProfiles.H)
# time 60.000000000027363 directory 60 reason write time
# molarMass 0.58969380999999998
# axis (1 0 0) origin (0 0 0)
# nBins 126
# inventory gas 2.5780369924563252e-13 wall 1.8990565341402746e-11 sample 0
# binned gas 2.5780369924563252e-13 wall 1.8990565341402746e-11 sample 0
# outside gas 0 wall 0 sample 0
# observable wall
# fraction 0.001
# significance 1e-13 minimumAmount 1.9248369040648378e-24
# Tdep fromInlet status found T 462.86092496380371 x 0.56001004836894142 peak 9.0078758869540813e-10 xPeak 0.57999999999999985 threshold 9.0078758869540812e-13 searchFrom 0.02
# Tdep fromPeak status found T 462.86092496380371 x 0.56001004836894142 peak 9.0078758869540813e-10 xPeak 0.57999999999999985 threshold 9.0078758869540812e-13
# Tpeak 411.92624116487224 K at x 0.57999999999999985 m; bin maximum of observable
# columns x_lo x_hi x gas wall sample observable Twall wallArea sampleGas
# units m m m mol/m mol/m mol/m mol/m K m2/m mol/m
-0.0050000000000000001 0.0049999999999999984 -8.6736173798840355e-19 1.3391462085132625e-120 0 0 0 1154.3029933481153 0.00010478626298042891 0
0.0049999999999999984 0.014999999999999996 0.0099999999999999967 5.1124144364729608e-110 0 0 0 1154.3029933481153 0.00020957252596085787 0
0.014999999999999996 0.024999999999999994 0.019999999999999997 4.8872552007881393e-97 0 0 0 1136.7073318722453 0.00020957252596085789 0
0.024999999999999994 0.034999999999999996 0.029999999999999995 1.5192259210809126e-84 0 0 0 1106.3707933001788 0.00020957252596085787 0
0.034999999999999996 0.044999999999999991 0.039999999999999994 8.3554519993583029e-74 0 0 0 1083.6969031406593 0.00020957252596085784 0
0.044999999999999991 0.054999999999999993 0.049999999999999989 5.4615051513895839e-62 0 0 0 1077.8460276460405 0.00020957252596085784 0
0.054999999999999993 0.064999999999999988 0.059999999999999991 4.7276063980693317e-52 0 0 0 1087.4026358280507 0.00020957252596085784 0
0.064999999999999988 0.074999999999999983 0.069999999999999979 2.1785319485552074e-40 0 0 0 1100.1919020724692 0.00020957252596085784 0
0.074999999999999983 0.084999999999999978 0.079999999999999988 6.5766818042423813e-29 0 0 0 1113.1765669812471 0.00020957252596085784 0
0.084999999999999978 0.094999999999999973 0.089999999999999969 1.451172846162018e-22 0 0 0 1123.4121009213136 0.00020957252596085784 0
0.094999999999999973 0.10499999999999998 0.099999999999999978 2.8341600944460267e-21 0 0 0 1129.0231455444089 0.00020957252596085789 0
0.10499999999999998 0.11499999999999998 0.10999999999999999 4.7332114391046611e-21 0 0 0 1128.8431213226866 0.00020957252596085784 0
0.11499999999999998 0.12499999999999997 0.11999999999999997 5.1001188607203513e-21 0 0 0 1126.1306696464599 0.00020957252596085784 0
0.12499999999999997 0.13499999999999998 0.12999999999999998 6.2180152079558241e-21 0 0 0 1118.705382251422 0.00020957252596085787 0
0.13499999999999998 0.14499999999999999 0.13999999999999999 8.1966669913844389e-21 0 0 0 1108.5278517312706 0.00020957252596085787 0
0.14499999999999999 0.15499999999999997 0.14999999999999997 1.173301035537311e-20 0 0 0 1095.038736126402 0.00020957252596085784 0
0.15499999999999997 0.16499999999999995 0.15999999999999998 1.7359765359835354e-20 0 0 0 1079.6834021034078 0.00020957252596085789 0
0.16499999999999995 0.17499999999999996 0.16999999999999996 2.5636140148304844e-20 0 0 0 1063.8587720556234 0.00020957252596085787 0
0.17499999999999996 0.18499999999999997 0.17999999999999997 3.5406132382559737e-20 0 0 0 1050.3471952189859 0.00020957252596085787 0
0.18499999999999997 0.19499999999999995 0.18999999999999995 4.7547548281378271e-20 0 0 0 1037.6320181134281 0.00020957252596085784 0
0.19499999999999995 0.20499999999999993 0.19999999999999996 6.0071185706998635e-20 0 0 0 1027.4712114747965 0.00020957252596085784 0
0.20499999999999993 0.21499999999999997 0.20999999999999996 7.4989188209860347e-20 0 0 0 1017.5871454321508 0.00020957252596085787 0
0.21499999999999997 0.22499999999999998 0.21999999999999997 9.2650651636685609e-20 0 0 0 1008.1873472261839 0.00020957252596085787 0
0.22499999999999998 0.23499999999999996 0.22999999999999998 1.1564408728218349e-19 0 0 0 998.48635135115615 0.00020957252596085784 0
0.23499999999999996 0.24499999999999994 0.23999999999999994 1.4469782247424151e-19 0 0 0 989.05540733898238 0.00020957252596085789 0
0.24499999999999994 0.25499999999999995 0.24999999999999994 1.8767174486718481e-19 0 0 0 978.55989526348685 0.00020957252596085789 0
0.25499999999999995 0.26499999999999996 0.25999999999999995 2.6781542479261461e-19 0 0 0 964.98294017053445 0.00020957252596085787 0
0.26499999999999996 0.27499999999999997 0.26999999999999996 4.2698475173318837e-19 0 0 0 948.89318089947722 0.00020957252596085787 0
0.27499999999999997 0.28499999999999992 0.27999999999999992 7.3613159588210913e-19 0 0 0 932.55974792991196 0.00020957252596085787 0
0.28499999999999992 0.29499999999999998 0.28999999999999992 1.389476041240492e-18 0 0 0 915.57143692968452 0.00020957252596085787 0
0.29499999999999998 0.30499999999999994 0.29999999999999993 2.7307158417430134e-18 0 0 0 899.07126746536767 0.00020957252596085787 0
0.30499999999999994 0.31499999999999995 0.30999999999999994 5.3598849518059997e-18 0 0 0 883.93117170367498 0.00020957252596085787 0
0.31499999999999995 0.3249999999999999 0.31999999999999995 1.1489285718901431e-17 0 0 0 867.48700991609314 0.00020957252596085787 0
0.3249999999999999 0.33499999999999991 0.3299999999999999 2.3544635587279485e-17 0 0 0 852.66036950047169 0.00020957252596085787 0
0.33499999999999991 0.34499999999999997 0.33999999999999997 4.8859570537093233e-17 0 0 0 838.20745982385222 0.00020957252596085787 0
0.34499999999999997 0.35499999999999993 0.34999999999999998 1.1902398962641843e-16 0 0 0 821.13235638499509 0.00020957252596085787 0
0.35499999999999993 0.36499999999999994 0.35999999999999993 2.7443269288732653e-16 0 0 0 806.06130151197215 0.00020957252596085789 0
0.36499999999999994 0.37499999999999994 0.36999999999999994 6.8503554224290698e-16 0 0 0 789.85367281883305 0.00020957252596085789 0
0.37499999999999994 0.38499999999999995 0.37999999999999995 1.680329431032256e-15 0 0 0 773.87292495550309 0.00020957252596085787 0
0.38499999999999995 0.39499999999999991 0.3899999999999999 4.3737470018615266e-15 0 0 0 757.1167120860888 0.00020957252596085784 0
0.39499999999999991 0.40499999999999992 0.39999999999999991 1.054774104260673e-14 0 0 0 741.26019651439037 0.00020957252596085787 0
0.40499999999999992 0.41499999999999987 0.40999999999999992 2.4571892156199363e-14 0 0 0 725.38749858971596 0.00020957252596085787 0
0.41499999999999987 0.42499999999999993 0.41999999999999993 5.735549405455671e-14 0 0 0 709.03527492536796 0.00020957252596085787 0
0.42499999999999993 0.43499999999999994 0.42999999999999994 1.2512484990634641e-13 0 0 0 693.10514492340894 0.00020957252596085787 0
0.43499999999999994 0.4449999999999999 0.43999999999999995 2.5588157331856978e-13 0 0 0 677.17011501504442 0.00020957252596085787 0
0.4449999999999999 0.45499999999999996 0.44999999999999996 4.7782845124600604e-13 0 0 0 661.17635001636734 0.00020957252596085787 0
0.45499999999999996 0.46499999999999991 0.45999999999999996 7.8921363478615744e-13 0 0 0 645.32783677294685 0.00020957252596085787 0
0.46499999999999991 0.47499999999999992 0.46999999999999992 1.1530265340462497e-12 0 0 0 629.65891965043409 0.00020957252596085787 0
0.47499999999999992 0.48499999999999988 0.47999999999999987 1.5114894472063737e-12 0 0 0 613.86165470295259 0.00020957252596085787 0
0.48499999999999988 0.49499999999999988 0.48999999999999988 1.8180279357545093e-12 0 0 0 596.98047039968833 0.00020957252596085787 0
0.49499999999999988 0.50499999999999989 0.49999999999999989 2.0339659037995933e-12 0 0 0 579.86918129809953 0.00020957252596085787 0
0.50499999999999989 0.5149999999999999 0.5099999999999999 2.186260240119497e-12 0 0 0 561.22350948063979 0.00020957252596085787 0
0.5149999999999999 0.52499999999999991 0.51999999999999991 2.2986303981898829e-12 0 0 0 542.37588672043705 0.00020957252596085787 0
0.52499999999999991 0.53499999999999992 0.52999999999999992 2.3894921347745996e-12 0 0 0 524.47588254988091 0.00020957252596085789 0
0.53499999999999992 0.54499999999999982 0.53999999999999981 2.4881023891632765e-12 0 0 0 504.60355410901064 0.00020957252596085789 0
0.54499999999999982 0.55499999999999994 0.54999999999999982 2.6008351030062785e-12 0 0 0 483.29888410093213 0.00020957252596085787 0
0.55499999999999994 0.56499999999999995 0.55999999999999994 2.8022246980816745e-12 0 0 0 462.88389997358166 0.00020957252596085787 0
0.56499999999999995 0.57499999999999984 0.56999999999999984 2.31572422830281e-12 8.9645154744984696e-10 0 8.9645154744984696e-10 440.01948296053388 0.00020957252596085784 0
0.57499999999999984 0.58499999999999996 0.57999999999999985 4.0376984036676204e-13 9.0078758869540813e-10 0 9.0078758869540813e-10 411.92624116487224 0.00020957252596085787 0
0.58499999999999996 0.59499999999999997 0.58999999999999997 2.9871871149823341e-14 9.760431123213581e-11 0 9.760431123213581e-11 381.33085265090233 0.00020957252596085787 0
0.59499999999999997 0.60499999999999987 0.59999999999999987 1.1401347341373968e-15 4.0702661556124095e-12 0 4.0702661556124095e-12 352.00287741712896 0.00020957252596085784 0
0.60499999999999987 0.61499999999999988 0.60999999999999988 4.5538875676068823e-17 1.3450732204461678e-13 0 1.3450732204461678e-13 331.23363626080584 0.00020957252596085789 0
0.61499999999999988 0.62499999999999989 0.61999999999999988 5.0044731736118855e-18 6.6124207296107178e-15 0 6.6124207296107178e-15 319.31989116070781 0.00020957252596085787 0
0.62499999999999989 0.6349999999999999 0.62999999999999989 1.1465686259323229e-18 1.2641382064480404e-15 0 1.2641382064480404e-15 310.5887388273963 0.00020957252596085787 0
0.6349999999999999 0.64499999999999991 0.6399999999999999 4.9836942745985533e-19 2.5734481878976217e-16 0 2.5734481878976217e-16 305.98055149289411 0.00020957252596085789 0
0.64499999999999991 0.6549999999999998 0.64999999999999991 3.049577469700672e-19 7.7206558946158502e-17 0 7.7206558946158502e-17 303.32521226687732 0.00020957252596085784 0
0.6549999999999998 0.66499999999999992 0.65999999999999992 1.9374691733806332e-19 4.2856221779146532e-17 0 4.2856221779146532e-17 300.89631281337523 0.00020957252596085787 0
0.66499999999999992 0.67499999999999982 0.66999999999999993 1.472402588201218e-19 2.4236361909257313e-17 0 2.4236361909257313e-17 299.50927676053743 0.00020957252596085784 0
0.67499999999999982 0.68499999999999983 0.67999999999999983 1.2866705050129742e-19 9.6841893333873901e-18 0 9.6841893333873901e-18 298.64835046632766 0.00020957252596085787 0
0.68499999999999983 0.69499999999999995 0.68999999999999995 1.0774128700354146e-19 1.2001618988620068e-17 0 1.2001618988620068e-17 297.59676044835737 0.00020957252596085787 0
0.69499999999999995 0.70499999999999985 0.69999999999999996 9.2563242380880654e-20 7.0594877488663941e-18 0 7.0594877488663941e-18 296.79961026964531 0.00020957252596085784 0
0.70499999999999985 0.71499999999999986 0.70999999999999985 8.369291471977668e-20 1.6767748580568329e-18 0 1.6767748580568329e-18 296.33376064948828 0.00020957252596085789 0
0.71499999999999986 0.72499999999999987 0.71999999999999986 8.1966548803553e-20 1.6467737981678483e-19 0 1.6467737981678483e-19 296.16798540846378 0.00020957252596085789 0
0.72499999999999987 0.73499999999999988 0.72999999999999987 7.4895244760976156e-20 4.4955790692458455e-18 0 4.4955790692458455e-18 295.82788846866288 0.00020957252596085787 0
0.73499999999999988 0.74499999999999988 0.73999999999999988 7.401651304791572e-20 0 0 0 296.20986696230597 0.00020957252596085787 0
0.74499999999999988 0.75499999999999989 0.74999999999999989 7.4015848789498691e-20 0 0 0 296.20986696230597 0.00020957252596085787 0
0.75499999999999989 0.7649999999999999 0.7599999999999999 7.4015840149381205e-20 0 0 0 296.20986696230597 0.00020957252596085787 0
0.7649999999999999 0.77499999999999991 0.76999999999999991 7.4015831977369889e-20 0 0 0 296.20986696230597 0.00020957252596085787 0
0.77499999999999991 0.78499999999999981 0.7799999999999998 7.401582370011223e-20 0 0 0 296.20986696230591 0.00020957252596085789 0
0.78499999999999981 0.79499999999999982 0.78999999999999981 7.4015815481453903e-20 0 0 0 296.20986696230597 0.00020957252596085787 0
0.79499999999999982 0.80499999999999994 0.79999999999999982 7.4015807287728521e-20 0 0 0 296.20986696230597 0.00020957252596085787 0
0.80499999999999994 0.81499999999999984 0.80999999999999983 7.4015798985603472e-20 0 0 0 296.20986696230597 0.00020957252596085784 0
0.81499999999999984 0.82499999999999984 0.81999999999999984 7.4015790813573642e-20 0 0 0 296.20986696230591 0.00020957252596085789 0
0.82499999999999984 0.83499999999999974 0.82999999999999985 7.4015782551668257e-20 0 0 0 296.20986696230597 0.00020957252596085784 0
0.83499999999999974 0.84499999999999986 0.83999999999999986 7.4015774317735091e-20 0 0 0 296.20986696230602 0.00020957252596085787 0
0.84499999999999986 0.85499999999999987 0.84999999999999987 7.4015766139622633e-20 0 0 0 296.20986696230591 0.00020957252596085789 0
0.85499999999999987 0.86499999999999977 0.85999999999999988 7.4015757821950346e-20 0 0 0 296.20986696230597 0.00020957252596085784 0
0.86499999999999977 0.87499999999999989 0.86999999999999988 7.4015749650081439e-20 0 0 0 296.20986696230597 0.00020957252596085787 0
0.87499999999999989 0.8849999999999999 0.87999999999999989 7.4015741403772982e-20 0 0 0 296.20986696230597 0.00020957252596085787 0
0.8849999999999999 0.8949999999999998 0.8899999999999999 7.4015733154330386e-20 0 0 0 296.20986696230597 0.00020957252596085784 0
0.8949999999999998 0.9049999999999998 0.8999999999999998 7.4015724982453872e-20 0 0 0 296.20986696230597 0.00020957252596085787 0
0.9049999999999998 0.91499999999999992 0.90999999999999992 7.4015716667937041e-20 0 0 0 296.20986696230597 0.00020957252596085789 0
0.91499999999999992 0.92499999999999982 0.91999999999999993 7.4015708486724004e-20 0 0 0 296.20986696230602 0.00020957252596085784 0
0.92499999999999982 0.93499999999999983 0.92999999999999983 7.4015700255874396e-20 0 0 0 296.20986696230597 0.00020957252596085787 0
0.93499999999999983 0.94499999999999984 0.93999999999999984 7.4015691990903749e-20 0 0 0 296.20986696230597 0.00020957252596085787 0
0.94499999999999984 0.95499999999999985 0.94999999999999984 7.4015683818921622e-20 0 0 0 296.20986696230597 0.00020957252596085787 0
0.95499999999999985 0.96499999999999986 0.95999999999999985 7.4015675519829154e-20 0 0 0 296.20986696230591 0.00020957252596085789 0
0.96499999999999986 0.97499999999999976 0.96999999999999975 7.40156673230417e-20 0 0 0 296.20986696230591 0.00020957252596085789 0
0.97499999999999976 0.98499999999999988 0.97999999999999976 7.4015659107609053e-20 0 0 0 296.20986696230602 0.00020957252596085787 0
0.98499999999999988 0.99499999999999977 0.98999999999999977 7.4015650826966067e-20 0 0 0 296.20986696230597 0.00020957252596085784 0
0.99499999999999977 1.0049999999999999 0.99999999999999978 7.4015642654795692e-20 0 0 0 296.20986696230597 0.00020957252596085789 0
1.0049999999999999 1.0149999999999999 1.0099999999999998 7.40156343709599e-20 0 0 0 296.20986696230597 0.00020957252596085787 0
1.0149999999999999 1.0249999999999999 1.02 7.4015626158489525e-20 0 0 0 296.20986696230597 0.00020957252596085787 0
1.0249999999999999 1.0349999999999999 1.0299999999999998 7.4015617958426835e-20 0 0 0 296.20986696230591 0.00020957252596085789 0
1.0349999999999999 1.0449999999999999 1.04 7.4015609662237923e-20 0 0 0 296.20986696230597 0.00020957252596085787 0
1.0449999999999999 1.0549999999999999 1.0499999999999998 7.4015601490044184e-20 0 0 0 296.20986696230597 0.00020957252596085787 0
1.0549999999999999 1.0649999999999997 1.0599999999999998 7.4015593221745242e-20 0 0 0 296.20986696230591 0.00020957252596085789 0
1.0649999999999997 1.075 1.0699999999999998 7.4015584993743446e-20 0 0 0 296.20986696230591 0.00020957252596085789 0
1.075 1.085 1.0800000000000001 7.4015576809137487e-20 0 0 0 296.20986696230597 0.00020957252596085787 0
1.085 1.0949999999999998 1.0899999999999999 7.4015568497372243e-20 0 0 0 296.20986696230602 0.00020957252596085784 0
1.0949999999999998 1.105 1.0999999999999999 7.4015560325178505e-20 0 0 0 296.20986696230597 0.00020957252596085787 0
1.105 1.115 1.1099999999999999 7.4015552072373777e-20 0 0 0 296.20986696230597 0.00020957252596085787 0
1.115 1.1249999999999998 1.1199999999999999 7.4015543828834806e-20 0 0 0 296.20986696230597 0.00020957252596085784 0
1.1249999999999998 1.135 1.1299999999999999 7.4015535656632582e-20 0 0 0 296.20986696230597 0.00020957252596085787 0
1.135 1.145 1.1400000000000001 7.401552733555111e-20 0 0 0 296.20986696230591 0.00020957252596085789 0
1.145 1.1549999999999998 1.1499999999999999 7.4015519160228e-20 0 0 0 296.20986696230597 0.00020957252596085789 0
1.1549999999999998 1.165 1.1599999999999999 7.4015510922853004e-20 0 0 0 296.20986696230597 0.00020957252596085787 0
1.165 1.175 1.1699999999999999 7.4015502663719478e-20 0 0 0 296.20986696230597 0.00020957252596085787 0
1.175 1.1849999999999998 1.1799999999999999 7.4015494491383907e-20 0 0 0 296.20986696230597 0.00020957252596085789 0
1.1849999999999998 1.1950000000000001 1.1899999999999999 7.4015486185646897e-20 0 0 0 296.20986696230597 0.00020957252596085787 0
1.1950000000000001 1.2049999999999998 1.2 7.4015477994674354e-20 0 0 0 296.20986696230602 0.00020957252596085784 0
1.2049999999999998 1.2149999999999999 1.21 7.4015469772685709e-20 0 0 0 296.20986696230591 0.00020957252596085789 0
1.2149999999999999 1.2249999999999999 1.2199999999999998 7.4015461497961419e-20 0 0 0 296.20986696230597 0.00020957252596085787 0
1.2249999999999999 1.2349999999999999 1.23 7.4015453325609405e-20 0 0 0 296.20986696230597 0.00020957252596085787 0
1.2349999999999999 1.2449999999999999 1.2399999999999998 7.4015445035368969e-20 0 0 0 296.20986696230591 0.00020957252596085789 0
1.2449999999999999 1.2549999999999999 1.25 3.7007719484428022e-20 0 0 0 296.20986696230591 0.00010478626298043125 0
